2
2 1
2 1
6
1 3
2 3
4 3
3 4
2 3
1 2
8
2 1
3 1
4 1
5 1
2 1
3 2
4 3
5 4
14
2 1
3 1
4 1
5 1
6 1
7 1
8 1
7 8
6 7
5 6
4 5
3 4
2 3
1 2
8
1 5
2 5
3 5
4 5
4 5
3 4
2 3
1 2
18
1 10
2 10
3 10
4 10
5 10
6 10
7 10
8 10
9 10
9 10
8 9
7 8
6 7
5 6
4 5
3 4
2 3
1 2
12
1 2
3 2
4 2
5 2
6 2
7 2
2 1
3 2
4 3
5 4
6 5
7 6
4
2 1
3 1
2 1
3 2
38
1 12
2 12
3 12
4 12
5 12
6 12
7 12
8 12
9 12
10 12
11 12
13 12
14 12
15 12
16 12
17 12
18 12
19 12
20 12
2 1
3 2
4 3
5 4
6 5
7 6
8 7
9 8
10 9
11 10
12 11
13 12
14 13
15 14
16 15
17 16
18 17
19 18
20 19
38
1 2
3 2
4 2
5 2
6 2
7 2
8 2
9 2
10 2
11 2
12 2
13 2
14 2
15 2
16 2
17 2
18 2
19 2
20 2
19 20
18 19
17 18
16 17
15 16
14 15
13 14
12 13
11 12
10 11
9 10
8 9
7 8
6 7
5 6
4 5
3 4
2 3
1 2
