51 65 3169 768
.*.***...***......**.....**..***......*..*......*....*....*...**.
.*.***...***......**.....**..***......*..*......*....*....*...**.
.*.***...***......**.....**..***......*..*......*....*....*...**.
*****************************************************************
.*.***...***......**.....**..***......*..*......*....*....*...**.
*****************************************************************
.*.***...***......**.....**..***......*..*......*....*....*...**.
*****************************************************************
.*.***...***......**.....**..***......*..*......*....*....*...**.
.*.***...***......**.....**..***......*..*......*....*....*...**.
*****************************************************************
.*.***...***......**.....**..***......*..*......*....*....*...**.
.*.***...***......**.....**..***......*..*......*....*....*...**.
.*.***...***......**.....**..***......*..*......*....*....*...**.
*****************************************************************
*****************************************************************
*****************************************************************
*****************************************************************
.*.***...***......**.....**..***......*..*......*....*....*...**.
.*.***...***......**.....**..***......*..*......*....*....*...**.
.*.***...***......**.....**..***......*..*......*....*....*...**.
.*.***...***......**.....**..***......*..*......*....*....*...**.
.*.***...***......**.....**..***......*..*......*....*....*...**.
*****************************************************************
*****************************************************************
.*.***...***......**.....**..***......*..*......*....*....*...**.
*****************************************************************
.*.***...***......**.....**..***......*..*......*....*....*...**.
.*.***...***......**.....**..***......*..*......*....*....*...**.
*****************************************************************
.*.***...***......**.....**..***......*..*......*....*....*...**.
.*.***...***......**.....**..***......*..*......*....*....*...**.
.*.***...***......**.....**..***......*..*......*....*....*...**.
*****************************************************************
.*.***...***......**.....**..***......*..*......*....*....*...**.
.*.***...***......**.....**..***......*..*......*....*....*...**.
.*.***...***......**.....**..***......*..*......*....*....*...**.
.*.***...***......**.....**..***......*..*......*....*....*...**.
.*.***...***......**.....**..***......*..*......*....*....*...**.
*****************************************************************
.*.***...***......**.....**..***......*..*......*....*....*...**.
*****************************************************************
*****************************************************************
.*.***...***......**.....**..***......*..*......*....*....*...**.
.*.***...***......**.....**..***......*..*......*....*....*...**.
.*.***...***......**.....**..***......*..*......*....*....*...**.
.*.***...***......**.....**..***......*..*......*....*....*...**.
*****************************************************************
.*.***...***......**.....**..***......*..*......*....*....*...**.
.*.***...***......**.....**..***......*..*......*....*....*...**.
.*.***...***......**.....**..***......*..*......*....*....*...**.
28 53
32 53
44 36
7 43
21 24
13 43
49 47
23 47
22 21
41 46
10 24
3 56
38 62
46 53
12 38
31 44
28 35
22 46
5 55
35 57
22 17
41 14
28 57
35 13
12 15
51 3
12 25
10 14
47 56
21 53
45 55
38 13
46 62
13 36
49 46
35 25
12 50
7 25
45 33
9 29
50 38
36 38
28 48
37 3
44 29
12 29
22 65
49 35
12 35
31 34
47 17
31 51
41 60
35 41
50 35
37 60
32 15
21 37
3 34
49 36
46 58
3 41
36 25
49 58
39 55
20 37
14 48
26 62
9 13
29 24
20 13
46 47
9 9
50 44
13 15
7 38
36 60
7 57
46 46
2 18
29 35
44 57
28 1
26 28
41 15
3 50
29 13
29 61
51 45
35 23
29 56
1 56
41 50
20 23
1 65
33 58
20 33
26 25
10 29
20 61
9 37
9 3
10 33
32 57
3 55
13 52
26 37
10 16
37 65
19 60
32 29
13 24
33 23
51 14
32 17
31 47
19 36
38 60
2 29
21 52
23 50
21 15
39 51
29 46
45 44
21 48
41 51
31 35
32 3
32 45
45 57
38 58
10 57
28 43
21 40
38 55
26 60
38 3
50 28
31 21
2 47
45 40
35 46
29 28
29 8
14 1
19 17
46 29
19 8
13 14
41 62
50 55
2 65
38 43
9 21
47 44
29 37
51 52
23 57
37 53
49 44
46 48
5 58
29 52
1 16
9 8
32 43
22 40
31 24
39 22
37 38
44 40
47 21
20 14
36 16
23 36
38 18
19 13
31 46
20 65
50 47
31 40
44 56
45 22
49 9
20 56
14 46
26 8
13 61
50 3
32 51
28 15
2 52
29 47
29 36
35 45
7 17
20 53
22 35
45 3
51 8
32 47
26 33
1 51
31 1
49 38
39 35
26 17
13 51
45 48
29 7
36 34
26 23
14 25
20 21
2 55
14 38
49 51
47 36
38 47
9 58
29 33
28 25
5 51
10 3
36 56
10 55
21 17
14 21
5 17
29 15
23 35
51 21
1 45
49 60
47 16
21 29
37 24
29 62
7 60
14 36
33 7
36 57
37 44
39 47
3 58
36 44
23 18
33 18
2 15
31 17
37 16
3 44
33 14
23 3
33 22
35 60
5 37
28 52
13 47
26 35
47 23
10 37
7 47
31 60
51 25
9 35
33 43
39 25
45 34
50 18
22 29
32 34
45 35
47 29
13 29
23 1
19 52
5 7
3 45
41 57
10 61
7 34
38 21
13 25
37 21
49 62
14 17
38 22
1 13
21 65
29 29
33 53
21 21
44 52
49 17
12 8
10 18
49 8
23 55
47 28
10 48
32 62
32 60
2 51
14 53
3 53
21 22
7 55
10 58
36 50
47 37
9 33
2 50
50 15
45 52
50 34
41 3
51 57
9 16
32 50
47 65
51 61
35 36
49 45
49 56
38 23
23 48
21 25
45 50
44 16
13 45
32 65
31 38
23 13
50 51
49 13
28 18
22 48
5 33
20 18
19 41
35 38
28 36
45 9
29 40
49 43
41 43
2 8
3 13
23 9
31 58
49 14
23 8
14 37
20 3
29 16
26 18
23 15
39 45
21 18
36 36
31 7
31 33
28 60
38 7
22 51
28 29
19 56
44 48
3 1
20 62
44 62
44 38
14 57
41 47
12 47
28 56
32 14
28 47
10 45
3 24
49 55
36 46
38 36
13 1
26 9
22 58
29 65
2 56
1 21
12 18
31 14
3 36
9 25
33 36
23 43
46 22
44 9
49 22
20 52
32 23
49 57
46 56
44 41
5 53
23 60
23 14
5 24
37 15
13 16
10 8
33 44
12 62
39 18
20 17
9 36
3 23
3 43
1 62
46 45
47 58
2 37
28 28
50 60
22 61
3 65
5 60
51 60
21 62
12 1
39 41
19 58
26 45
10 35
39 3
26 48
32 28
49 61
33 17
12 57
37 57
46 38
22 28
22 16
47 13
47 3
19 23
37 22
31 15
41 1
49 50
44 17
19 43
23 53
14 7
37 18
29 45
49 33
9 44
14 3
32 8
32 40
3 28
44 7
39 33
49 48
50 33
36 1
3 40
12 9
22 56
23 56
35 17
36 8
51 34
51 23
39 16
10 51
38 65
38 61
1 43
20 47
36 18
26 52
26 53
26 7
41 52
23 58
2 53
20 51
51 65
10 36
23 46
19 22
19 15
44 44
46 15
12 43
3 18
29 17
26 22
35 14
19 9
44 61
14 60
10 53
37 36
47 14
22 52
5 21
19 47
28 62
20 57
46 8
39 57
23 17
29 3
9 56
19 29
3 48
7 16
13 23
32 1
46 57
36 41
49 18
35 37
2 40
13 17
21 46
2 3
14 23
23 44
31 36
46 21
47 48
33 61
44 50
51 24
28 51
22 47
39 62
2 28
19 44
31 56
21 51
35 1
51 55
12 44
46 17
35 61
5 48
32 25
1 22
35 28
46 60
50 37
32 55
38 34
45 18
45 36
50 9
28 13
45 51
35 65
37 29
32 13
28 23
5 61
41 25
45 56
33 1
22 45
22 34
2 7
19 24
32 41
2 23
36 3
45 14
29 58
35 16
51 33
44 34
29 43
21 55
47 15
31 53
13 38
9 15
51 18
14 13
1 46
23 41
20 36
46 50
19 3
20 8
50 17
21 23
21 35
36 15
45 29
41 65
45 37
36 23
44 8
9 1
33 25
36 7
13 7
37 41
46 28
50 56
38 38
50 7
35 24
9 7
2 62
50 23
39 48
38 15
26 47
41 34
12 60
47 24
28 40
12 51
31 16
21 47
29 41
50 36
3 7
32 21
5 13
26 13
36 51
31 52
38 14
12 23
50 45
28 46
26 3
7 51
2 60
22 14
38 25
45 53
29 18
44 51
37 43
14 62
22 60
51 38
33 48
9 34
2 14
13 65
33 21
50 62
41 48
39 15
38 35
23 37
1 36
44 1
37 33
46 40
41 40
49 7
10 65
32 52
38 16
2 44
47 53
47 7
13 56
36 47
23 29
35 7
45 1
13 55
46 51
5 62
39 14
38 29
39 8
41 13
14 52
31 55
46 43
9 28
20 1
38 52
39 7
13 62
31 43
19 25
45 16
41 45
35 62
50 24
35 50
45 13
31 61
49 65
39 13
22 13
13 37
33 29
33 15
1 50
36 37
7 23
21 7
21 36
13 40
50 13
29 60
37 34
49 29
3 8
46 18
33 45
41 61
20 40
23 52
23 21
44 33
1 58
39 44
50 14
33 57
12 61
14 35
14 22
37 35
1 57
36 14
47 47
23 34
44 58
37 47
36 65
28 7
5 57
10 38
45 60
14 43
7 50
26 38
10 1
36 29
41 44
5 65
31 22
19 57
38 40
9 24
2 34
47 50
32 33
39 29
50 57
41 58
41 35
7 14
21 56
22 34
29 60
9 24
35 15
39 41
35 15
23 28
35 43
9 29
31 18
21 16
22 62
35 45
5 52
7 21
36 28
47 28
3 15
46 17
12 62
9 57
26 37
26 45
49 29
19 9
5 18
23 9
35 50
39 52
7 44
5 33
38 15
39 18
5 16
1 21
38 9
41 43
12 17
33 17
9 7
29 3
38 1
49 16
35 15
19 40
1 35
47 34
19 65
2 7
39 60
39 8
10 8
14 21
13 29
36 18
39 37
38 33
45 24
45 48
35 1
37 18
46 41
21 60
45 18
14 35
9 33
39 13
7 55
7 60
39 22
19 33
39 65
47 15
41 57
9 43
7 45
26 55
49 14
12 52
2 45
3 53
26 46
38 45
32 33
50 38
22 51
20 48
44 45
2 37
39 21
10 17
28 22
23 34
23 33
51 45
46 51
37 48
14 60
39 65
22 34
7 3
44 18
33 55
39 21
47 65
33 53
45 61
19 22
20 56
50 37
36 15
1 60
12 37
12 7
46 62
37 55
3 13
37 33
20 46
7 14
37 25
12 36
29 51
49 22
22 58
47 47
9 3
35 47
19 18
26 25
32 53
45 58
33 43
37 3
41 13
44 38
29 45
12 45
44 61
29 38
35 21
19 35
37 34
5 50
39 60
36 57
1 21
2 48
21 57
37 3
50 16
23 17
50 60
26 14
32 43
19 50
32 55
33 40
5 37
3 28
19 44
32 7
5 53
2 3
50 1
20 17
20 58
45 47
49 36
7 17
38 40
39 51
9 1
47 23
49 40
28 60
46 45
38 45
39 52
46 35
14 21
46 9
36 50
5 65
36 16
5 38
20 9
26 1
13 22
28 15
13 43
3 23
36 57
51 44
22 34
33 29
51 65
45 61
35 57
13 21
47 7
45 25
41 52
47 58
2 56
29 21
38 28
19 24
49 13
10 16
41 56
51 13
32 28
20 55
3 22
51 9
19 60
49 46
1 45
9 41
13 9
2 58
5 51
5 1
50 38
21 13
32 13
45 40
14 45
1 65
39 28
21 60
26 1
41 46
10 22
37 22
26 36
22 1
14 22
33 1
10 21
1 8
21 1
9 53
39 7
36 24
9 36
12 58
45 47
13 56
37 41
20 53
29 55
9 61
23 51
21 21
21 36
51 8
5 45
32 43
23 29
38 56
50 52
28 7
31 41
46 50
1 15
45 3
49 7
5 43
20 55
28 50
41 65
39 17
7 17
49 37
28 48
44 8
20 60
23 25
3 36
10 41
49 3
29 23
46 29
10 41
14 41
32 7
33 24
50 13
26 28
2 50
45 1
9 14
3 44
3 60
21 1
37 38
7 47
29 57
26 14
51 34
44 22
31 43
45 1
29 35
26 28
5 38
44 41
10 55
13 24
26 13
20 25
51 13
45 17
47 18
21 37
26 21
20 28
39 16
2 52
49 38
50 41
29 38
13 48
28 24
12 21
22 21
49 33
35 21
20 45
39 22
35 50
35 28
3 44
32 8
36 14
20 1
47 44
3 65
36 7
3 41
19 50
12 1
35 7
45 61
12 7
51 21
23 62
31 14
14 25
14 47
3 29
50 25
23 24
3 25
9 61
37 58
39 38
45 3
45 58
3 9
23 15
44 36
51 8
13 17
21 52
49 36
45 35
50 61
2 41
3 23
28 51
3 58
10 62
9 43
26 47
14 53
32 55
3 43
46 14
44 33
32 8
47 25
21 21
46 8
37 15
22 41
19 51
49 44
41 24
20 44
13 48
13 57
3 38
36 28
20 8
26 23
31 8
22 3
26 17
38 47
14 41
33 58
31 1
13 62
51 46
23 50
41 51
20 43
10 48
33 28
14 35
14 13
21 24
35 65
39 50
13 9
50 44
38 25
14 24
51 18
37 43
37 3
1 25
28 33
10 62
47 21
39 56
41 24
26 23
49 38
47 17
23 44
50 52
45 28
1 13
5 22
45 33
26 41
9 65
45 48
23 61
36 22
33 17
32 47
7 52
39 46
3 7
29 29
10 56
33 58
10 28
5 43
39 15
1 35
21 61
35 7
31 46
19 34
7 37
47 52
9 38
46 38
21 8
47 51
29 46
37 3
35 37
26 41
1 35
35 1
20 37
28 14
9 21
19 22
14 41
7 52
14 55
2 53
37 52
2 60
5 13
2 13
45 61
36 17
26 52
36 21
36 24
22 53
12 60
37 3
3 45
37 18
28 62
31 15
2 44
19 9
23 14
45 36
41 22
20 41
3 25
38 58
26 65
32 35
49 16
3 21
49 58
23 56
12 28
36 58
50 56
36 36
38 22
19 56
46 33
46 23
19 58
5 55
26 38
38 22
35 14
9 34
9 51
2 51
28 8
51 22
23 46
19 45
26 25
37 37
33 55
44 47
33 62
31 41
37 28
20 60
3 56
20 28
21 7
35 16
51 7
45 44
13 36
44 24
36 56
28 28
23 33
2 13
29 53
22 25
2 61
47 43
26 60
3 14
7 24
5 46
41 50
2 25
21 17
33 25
22 46
5 29
2 18
10 18
7 14
38 29
13 65
12 51
32 35
1 28
49 62
9 29
2 50
45 28
35 16
37 48
35 50
3 7
50 44
49 35
39 37
44 65
14 40
19 14
21 38
35 28
12 8
35 16
20 65
20 41
51 17
20 8
28 53
38 37
33 8
12 7
1 28
50 55
39 18
35 14
45 24
49 44
49 37
51 3
28 41
31 25
47 8
33 22
31 53
28 18
9 48
47 36
19 62
23 1
20 61
39 38
21 47
1 34
33 15
5 24
29 38
26 48
36 22
51 60
20 56
28 33
20 22
19 25
29 65
14 7
2 3
47 8
3 22
29 23
13 17
23 35
35 25
32 53
35 58
33 1
14 21
47 7
3 37
29 3
7 1
37 46
38 8
22 60
51 57
3 9
22 15
46 61
51 33
46 44
45 8
7 3
5 46
50 51
20 9
2 34
9 45
38 43
12 52
3 55
45 23
31 38
19 33
31 38
10 9
19 45
13 62
36 40
14 47
47 45
13 40
1 52
47 47
26 24
38 48
50 24
1 35
13 41
38 61
41 37
31 23
20 36
28 53
9 44
2 22
49 25
44 8
41 38
19 15
31 61
35 21
7 25
41 47
2 65
31 37
51 33
36 3
13 36
23 18
5 58
29 65
44 51
20 29
44 60
13 55
41 44
38 52
19 23
45 62
19 61
23 52
26 62
10 17
35 55
38 35
44 43
3 15
45 53
36 61
7 21
9 52
50 65
22 18
38 55
14 55
21 28
39 35
13 3
46 51
49 1
44 25
36 34
7 60
5 62
47 37
10 61
32 38
47 44
1 57
7 13
14 14
36 28
23 18
1 1
22 61
26 8
50 47
39 16
44 7
51 51
19 35
2 55
49 9
3 43
44 8
12 58
1 61
21 23
28 23
44 28
21 43
36 15
7 40
2 16
38 28
31 41
31 35
13 58
23 61
37 13
5 41
44 38
41 40
26 52
33 18
14 55
13 51
3 41
33 48
41 35
13 8
5 23
19 36
51 33
44 28
35 29
14 57
13 62
19 3
46 37
31 15
20 8
9 21
44 45
3 55
37 58
29 38
39 43
47 3
26 9
51 36
13 52
9 40
45 7
35 43
19 14
22 48
20 3
19 36
37 46
32 13
44 22
45 21
19 36
44 57
41 17
21 51
14 3
12 51
9 36
39 33
12 58
14 3
12 44
32 36
46 23
12 48
36 25
35 13
38 52
7 50
33 22
2 35
39 14
5 60
35 21
22 35
7 62
12 44
3 62
9 45
46 46
44 17
10 15
23 62
33 29
26 56
46 57
38 61
13 61
23 1
13 61
3 24
51 51
3 3
9 15
20 8
31 35
10 17
51 60
9 14
23 28
47 25
14 61
36 8
39 51
31 29
23 21
13 23
20 3
14 15
29 47
33 28
26 23
7 55
5 18
51 62
44 40
46 18
28 34
3 45
9 38
33 34
36 3
46 38
36 7
2 40
20 55
28 14
28 16
45 37
51 34
47 52
46 45
28 44
36 56
5 23
29 57
7 44
9 8
2 52
12 36
13 24
32 44
33 15
47 22
29 28
21 16
26 35
37 25
36 57
29 57
44 13
38 56
44 62
9 46
45 61
41 46
37 55
14 3
39 33
29 45
14 1
28 7
46 25
33 37
32 58
28 36
51 45
10 53
22 46
45 21
26 43
19 37
50 33
20 62
47 58
44 44
21 56
14 28
21 45
13 44
37 21
5 15
39 55
20 8
29 14
5 56
22 15
13 23
2 18
5 16
29 28
22 25
49 9
36 8
39 45
14 28
45 55
49 37
28 50
44 15
38 60
50 14
32 44
23 1
39 8
5 47
37 45
21 62
49 14
41 16
13 24
38 38
9 34
28 47
23 14
46 13
36 38
49 18
38 24
14 46
47 40
1 9
31 23
49 29
20 53
31 13
20 58
32 7
13 44
35 51
5 14
39 35
28 28
37 41
26 55
31 36
46 17
37 53
44 41
26 41
33 43
35 21
12 53
51 40
9 15
31 51
28 53
14 56
13 8
9 48
9 1
23 23
38 15
36 28
5 51
39 9
20 1
2 13
5 58
23 51
22 61
21 1
26 45
2 18
44 3
46 56
51 38
36 46
3 3
7 47
29 55
1 22
2 33
38 7
47 8
9 53
13 36
50 1
41 1
19 53
44 53
19 56
21 56
39 52
32 47
2 1
37 55
29 13
5 14
26 24
37 8
51 45
19 35
44 9
33 37
33 62
35 57
3 38
28 65
22 46
12 34
46 15
26 9
50 52
29 29
12 60
37 8
46 9
3 24
33 16
37 25
22 33
44 8
45 58
44 45
2 16
50 17
5 16
9 52
35 21
45 36
21 41
39 3
33 50
46 57
5 15
1 50
36 51
35 47
1 53
10 35
26 38
19 3
41 35
12 25
36 22
44 37
49 24
38 21
33 33
26 24
38 43
46 28
39 57
33 40
44 18
26 24
41 50
41 1
12 13
3 23
45 34
36 52
33 65
41 36
38 41
14 52
1 14
19 50
22 37
37 43
7 56
31 23
36 37
29 62
14 44
37 45
5 60
5 36
7 17
14 34
47 23
19 47
46 1
10 29
12 7
5 17
19 13
32 52
28 44
3 14
50 21
37 15
31 48
23 25
45 21
49 3
41 16
46 62
39 3
32 47
28 48
26 47
33 52
9 15
28 40
10 22
7 14
41 58
3 48
26 33
2 34
41 55
32 17
22 48
5 21
37 51
3 18
36 33
23 25
19 17
29 47
50 7
5 57
13 62
44 23
20 21
49 46
35 34
45 56
33 55
3 16
47 55
26 25
37 48
46 38
38 22
7 51
2 44
37 25
29 57
36 29
14 28
7 45
23 53
28 29
47 43
1 21
51 1
3 50
46 22
38 25
28 38
21 48
36 15
39 35
44 43
35 60
46 22
33 62
29 13
26 53
31 7
38 46
41 44
10 18
45 51
37 14
14 33
47 15
31 25
45 13
45 24
47 18
32 50
38 56
31 62
23 52
31 57
39 43
37 34
47 16
44 48
14 28
33 34
33 46
49 60
51 23
5 21
12 57
19 60
28 7
14 33
5 34
49 29
35 38
20 53
33 37
5 23
10 9
1 56
12 51
29 24
14 62
23 57
36 52
28 50
41 56
28 28
50 34
31 21
9 38
35 9
12 65
12 23
1 61
35 41
29 60
26 15
45 41
5 56
44 37
32 60
19 45
26 21
22 40
14 41
2 8
38 28
3 52
21 62
36 40
19 45
28 35
44 24
19 52
7 9
39 25
2 13
37 52
49 15
39 40
50 18
10 48
49 8
35 36
19 46
35 43
35 51
37 52
12 18
10 13
49 9
22 46
46 51
14 56
31 8
50 34
35 21
2 18
22 21
45 9
49 25
14 52
1 38
9 61
36 24
49 23
29 60
9 14
23 40
14 1
41 52
49 65
28 38
14 56
21 9
19 53
23 45
50 8
26 3
38 46
29 17
12 22
21 15
19 17
46 61
19 8
13 9
46 65
33 44
26 18
45 41
44 51
29 60
46 18
31 33
5 1
7 35
22 50
37 40
5 41
21 56
32 52
21 43
28 16
32 33
36 9
1 46
29 51
7 62
5 9
44 1
35 58
9 38
46 22
35 47
7 38
10 22
28 33
36 44
37 34
45 36
38 21
9 41
49 41
26 3
45 61
33 16
37 37
41 17
2 62
47 37
41 55
36 38
12 60
38 57
22 33
29 7
50 23
12 7
46 53
49 25
32 25
50 51
12 38
23 22
51 62
9 3
35 15
23 15
51 47
29 46
36 35
41 29
33 8
14 3
41 22
37 43
29 1
50 53
23 51
20 50
3 47
9 46
12 18
39 29
37 15
50 3
21 53
12 38
32 35
2 25
10 50
46 21
22 22
51 23
47 35
50 9
19 43
36 35
21 1
45 47
39 61
2 47
20 29
44 9
28 25
13 43
19 44
26 46
49 35
12 14
44 60
20 29
13 1
39 58
37 48
22 40
28 38
5 3
26 40
1 1
28 17
3 41
45 38
37 13
10 17
13 25
14 23
35 28
23 41
51 9
38 1
19 28
45 44
23 65
49 24
35 25
23 24
5 48
23 41
13 56
32 18
45 29
9 14
9 55
13 36
32 53
26 14
2 45
14 60
23 55
35 52
23 37
12 58
10 33
47 52
12 15
9 33
47 58
14 52
39 53
45 23
1 51
22 33
44 44
10 15
10 57
7 13
14 35
44 40
36 52
10 61
12 58
37 47
5 61
49 8
28 21
31 45
1 36
29 36
50 44
32 43
19 24
50 13
35 17
3 45
45 36
47 35
20 17
49 7
13 25
9 33
5 46
14 58
50 55
1 35
22 21
35 50
22 41
47 29
7 23
14 23
36 62
39 44
1 60
39 25
28 1
38 46
50 38
23 18
5 14
12 60
13 48
19 9
7 1
33 8
50 47
29 21
19 1
22 16
21 25
37 15
37 28
12 14
46 22
29 53
38 37
45 53
39 43
37 24
28 25
46 9
49 23
33 29
10 55
41 35
20 14
2 46
45 36
20 15
23 34
32 60
50 45
51 51
39 43
38 41
5 8
22 62
39 53
49 40
5 61
41 46
50 28
14 51
50 18
47 40
50 16
33 60
51 13
26 45
39 47
32 62
51 18
32 43
46 65
50 37
50 51
21 33
31 61
44 24
12 28
9 37
37 24
2 45
38 34
31 28
49 37
14 1
33 41
13 50
26 65
5 15
9 38
26 62
36 35
45 21
12 21
36 44
21 7
33 53
2 60
37 8
44 53
31 34
13 22
39 58
31 46
37 28
23 37
38 58
41 50
20 15
35 17
20 51
49 47
1 33
44 33
47 15
21 58
19 53
38 45
14 17
37 3
9 37
5 35
39 17
49 15
51 22
47 28
38 22
1 41
36 16
13 7
21 38
29 33
26 7
44 38
13 47
21 25
37 7
45 29
50 22
14 35
29 38
44 55
50 38
31 43
14 50
32 65
29 23
26 38
14 35
33 60
32 55
29 34
36 43
9 47
1 18
46 13
7 57
45 13
26 61
32 48
46 1
28 38
38 38
44 43
21 1
7 65
39 1
38 8
23 38
13 43
46 18
1 34
19 61
38 33
28 8
41 53
38 34
10 44
47 13
49 18
10 38
28 58
22 34
23 50
41 16
29 38
5 65
38 48
36 50
19 34
49 36
36 37
49 24
38 46
37 36
20 65
2 62
12 55
23 7
7 13
35 9
47 9
21 60
44 44
21 62
46 18
49 29
37 1
21 41
38 61
28 28
31 24
26 23
38 55
26 14
13 8
51 51
29 40
28 44
1 50
13 35
38 18
29 41
36 9
45 35
35 34
37 22
46 47
29 56
26 33
38 23
13 56
3 7
19 44
37 48
20 41
51 51
13 25
29 38
41 44
7 22
21 14
22 25
46 62
2 36
29 7
51 45
14 24
49 18
22 9
38 28
47 7
33 45
28 29
37 57
5 44
1 40
38 50
3 15
7 18
36 52
23 50
44 47
39 21
32 55
51 23
37 45
37 40
47 9
39 61
23 38
28 60
28 24
46 44
35 14
45 53
47 65
37 33
20 28
36 7
26 36
1 48
26 24
39 37
51 23
51 44
7 15
51 18
1 23
31 36
19 62
20 38
50 37
12 21
44 36
22 29
37 34
35 23
19 58
1 28
36 3
5 25
39 48
38 51
3 40
45 41
3 16
19 16
36 22
26 45
12 23
7 34
21 17
41 40
46 13
29 29
38 47
50 56
20 9
23 48
7 52
10 21
12 35
32 33
12 13
41 28
26 36
51 56
23 65
45 17
49 14
39 33
41 65
32 7
38 45
38 62
19 3
12 58
29 48
5 8
14 35
32 8
3 60
29 58
3 13
10 38
29 47
45 24
12 65
38 23
39 57
19 65
13 51
44 16
5 51
47 43
37 56
49 14
22 62
20 41
1 35
39 62
50 56
37 23
46 8
39 28
33 43
9 33
33 37
39 57
1 24
50 47
10 22
1 45
26 55
50 29
51 44
33 44
5 7
49 28
9 16
47 60
44 22
7 28
20 55
22 22
31 25
26 44
33 48
9 24
38 37
45 21
1 9
19 65
47 58
9 52
29 24
26 14
37 25
14 28
29 50
26 38
20 18
12 21
14 45
33 8
37 50
41 23
26 37
3 33
7 8
14 56
50 45
2 17
26 52
29 9
39 17
38 29
23 17
19 61
49 56
22 40
5 57
51 38
47 61
19 15
41 60
51 47
37 22
50 53
9 51
23 29
36 40
12 40
19 17
38 1
23 41
7 48
49 14
39 47
19 60
51 33
31 25
45 34
45 40
22 60
38 36
7 61
46 29
14 45
5 50
14 56
9 14
33 8
36 17
22 17
31 36
22 47
46 18
51 22
21 40
41 52
22 8
28 55
35 58
3 3
45 45
7 44
47 48
14 45
19 50
37 28
31 57
37 7
10 44
35 3
49 58
51 60
51 15
49 35
37 23
31 29
39 15
7 53
37 51
51 38
20 53
22 53
21 44
33 36
19 3
12 46
19 61
3 22
2 35
46 46
35 29
32 23
26 58
7 38
12 16
20 58
2 18
13 48
46 47
44 3
51 38
1 7
7 8
45 36
9 53
28 7
38 15
41 52
20 51
28 61
33 51
46 15
47 40
49 52
50 7
32 58
9 35
35 55
35 61
41 36
44 18
10 16
36 48
46 24
2 40
50 14
38 43
5 38
28 33
1 18
22 37
22 35
51 53
44 28
9 44
29 44
47 28
46 29
19 51
51 45
2 13
31 1
31 50
33 16
7 56
26 58
21 41
32 35
36 25
7 61
26 28
12 28
5 37
46 36
49 45
32 33
32 45
44 38
39 16
9 13
10 55
29 25
33 55
50 34
36 17
26 57
37 28
19 56
12 46
33 22
13 60
31 16
22 62
28 23
5 55
33 23
3 22
38 9
20 15
49 13
49 37
3 47
38 33
19 9
39 57
33 47
32 36
39 55
33 13
37 14
13 52
13 9
22 48
32 44
50 23
5 7
13 48
50 47
49 1
22 55
32 7
47 16
20 8
10 21
1 38
28 41
33 16
35 40
19 33
9 41
45 3
35 60
23 36
32 51
45 44
21 52
20 37
50 62
1 52
46 44
12 24
46 53
29 48
35 28
32 33
39 35
31 35
36 38
23 24
35 29
50 9
39 37
38 25
45 22
21 45
21 46
23 23
7 60
9 52
32 3
14 24
49 51
5 3
10 28
12 45
1 51
47 1
29 52
26 46
28 17
45 44
22 1
31 16
20 23
3 33
7 14
49 17
12 35
10 35
21 14
28 23
3 52
22 29
35 18
14 48
39 14
19 36
5 38
39 37
41 23
9 25
28 62
1 3
12 38
32 14
13 1
22 21
14 33
51 41
3 52
5 36
32 50
38 15
19 65
36 53
12 61
21 43
7 15
33 50
41 9
29 18
36 65
5 21
41 53
1 28
5 52
33 36
35 29
12 16
22 25
23 1
49 47
38 7
31 8
26 60
32 29
20 50
35 55
32 56
36 28
35 45
1 60
19 56
14 25
49 62
36 38
2 46
20 33
36 22
49 43
29 34
3 44
10 53
23 9
1 35
35 36
36 52
2 1
2 40
49 61
44 47
41 56
1 53
32 58
10 34
49 24
49 13
22 60
47 24
28 23
32 44
35 29
38 28
22 22
20 51
7 16
45 23
38 1
22 58
36 16
51 55
51 43
2 7
45 15
1 47
29 21
47 7
2 22
35 50
20 1
46 61
2 56
32 16
10 18
26 65
37 46
5 33
47 43
22 38
33 16
5 57
26 28
36 13
14 21
13 24
49 3
23 25
22 55
36 15
26 45
23 24
46 18
28 17
26 60
44 3
38 15
32 23
38 44
10 47
35 22
1 44
47 16
2 16
47 60
20 51
5 43
36 14
37 24
7 57
1 18
9 35
35 37
44 1
29 13
5 57
36 3
36 24
37 56
13 37
49 25
32 21
1 41
39 62
47 53
28 47
14 47
1 60
7 45
41 34
29 13
36 18
13 3
47 45
33 38
44 23
46 24
23 35
44 3
49 56
47 23
22 36
19 57
32 55
9 18
5 18
39 33
23 47
21 13
46 62
14 24
31 36
20 50
49 40
49 46
29 56
51 28
5 9
39 33
47 29
31 21
2 41
37 24
39 51
36 56
38 33
47 50
32 29
22 16
12 53
9 44
35 17
49 8
10 13
21 1
19 53
12 13
9 58
23 51
35 23
31 50
31 17
10 46
41 51
41 60
46 9
45 3
13 46
46 17
12 33
37 16
46 48
47 21
21 65
19 65
10 29
41 34
21 22
22 8
10 48
39 23
21 41
46 24
51 23
9 3
32 56
1 55
31 34
29 8
1 61
5 46
31 45
38 18
12 58
20 38
10 38
38 24
19 7
46 25
41 48
36 9
19 25
20 3
7 43
37 55
31 38
33 8
39 33
2 38
47 44
29 24
9 29
32 1
10 9
3 57
9 33
46 46
36 40
50 3
47 13
39 56
39 35
20 41
47 23
12 60
45 25
3 8
5 25
32 29
44 14
44 51
1 23
28 56
28 18
7 47
19 21
41 21
10 48
31 53
45 28
3 43
37 50
23 25
33 60
28 9
39 36
2 36
45 25
39 7
32 22
44 44
19 7
36 53
33 56
14 22
51 38
36 45
37 17
5 33
20 41
7 29
49 23
32 33
32 33
22 44
38 34
12 58
44 24
51 18
36 8
5 18
12 45
50 15
10 24
26 47
50 21
13 29
50 52
50 16
44 52
47 58
33 28
1 8
51 36
21 50
44 65
37 48
19 55
32 58
19 44
26 18
32 17
12 40
36 1
21 46
28 58
31 1
19 7
49 22
5 51
22 34
51 28
13 15
32 48
33 29
45 57
41 15
47 52
2 65
28 1
3 56
31 28
49 1
32 60
3 18
46 34
29 48
31 34
28 17
23 9
1 25
2 46
49 18
33 28
26 1
28 40
51 1
12 50
12 58
28 34
2 8
46 57
23 3
19 46
22 13
36 22
14 52
31 17
33 58
37 41
35 9
13 40
19 46
44 51
14 13
26 25
10 24
19 55
31 24
44 46
36 52
21 45
2 14
10 55
26 57
47 37
44 24
33 45
29 3
49 25
45 22
23 52
51 41
20 41
46 8
32 25
37 47
5 22
47 56
46 36
50 36
1 57
41 35
20 55
5 56
26 52
10 56
5 41
32 40
1 62
26 7
14 48
19 15
46 8
12 3
20 38
9 36
44 44
39 57
2 8
9 21
49 48
3 8
1 46
22 56
10 18
41 55
31 44
26 37
44 55
21 45
32 61
28 7
9 28
20 57
45 34
45 24
45 60
35 35
51 9
46 13
51 29
32 46
9 13
5 58
36 46
44 33
50 15
28 35
2 14
36 65
41 16
13 57
37 62
26 58
14 22
1 44
29 18
10 65
37 40
35 45
3 23
22 50
26 18
32 60
13 34
28 8
22 40
3 25
13 46
46 57
33 52
2 58
9 16
46 13
41 23
13 33
31 58
45 61
23 43
21 62
28 44
14 8
29 18
36 62
45 28
21 55
2 34
5 46
36 55
22 16
51 7
26 35
1 53
23 28
13 13
3 23
14 50
45 17
36 25
26 50
36 45
39 8
20 24
37 62
47 53
36 57
26 29
28 22
2 25
14 57
26 45
3 36
33 7
19 43
7 34
41 1
26 46
21 53
26 35
1 46
32 29
37 48
37 65
2 8
39 46
1 33
13 60
28 65
29 60
47 36
39 13
41 44
14 21
20 44
1 14
49 8
10 8
14 53
33 41
3 28
1 9
19 23
29 44
1 44
2 7
44 65
33 17
5 40
45 18
37 14
45 55
32 22
49 33
12 38
19 51
46 62
35 29
21 46
28 3
5 62
36 62
29 58
5 53
19 7
38 60
1 51
20 44
44 28
28 3
41 37
19 57
37 17
29 28
1 34
14 51
9 7
10 21
5 38
39 18
2 18
33 1
41 47
19 29
32 48
33 55
22 43
35 24
44 16
47 46
39 23
14 25
22 48
13 52
13 43
39 57
21 29
41 21
45 3
46 61
19 40
36 60
33 65
46 14
47 48
1 48
36 16
47 25
35 44
47 16
33 13
37 65
31 36
13 29
39 43
50 48
10 7
5 1
14 33
23 61
32 65
3 46
14 56
14 38
39 14
1 14
33 35
2 48
45 43
33 43
35 18
35 35
13 48
12 57
10 36
20 22
5 25
9 16
1 18
39 61
5 43
26 51
41 23
21 3
33 3
37 46
7 34
2 58
2 7
5 61
47 46
12 8
2 61
5 61
49 44
49 16
2 23
12 1
28 44
3 48
36 14
12 35
47 13
32 33
9 53
45 55
3 17
46 21
22 23
3 47
2 58
19 46
46 14
9 37
23 47
9 48
50 46
10 9
49 51
51 65
26 36
32 58
50 50
45 24
49 47
14 34
51 56
31 50
39 33
37 60
46 15
32 17
37 65
14 7
31 16
36 16
23 43
29 7
19 23
10 46
21 57
3 16
29 23
41 48
33 40
51 57
28 9
49 16
7 9
29 65
9 7
14 29
46 60
29 29
47 13
35 34
28 29
22 35
19 52
12 7
12 16
46 62
5 14
3 61
5 43
13 15
2 25
22 57
39 3
47 57
35 8
3 48
49 60
1 7
14 35
9 56
31 7
21 14
9 38
38 44
32 47
2 3
26 14
51 22
45 7
29 45
31 51
26 18
36 47
50 45
10 3
3 65
45 28
5 45
7 14
41 55
47 22
9 14
19 60
32 65
51 35
45 46
33 22
38 57
36 29
35 28
38 18
12 36
20 21
19 40
3 23
51 56
1 17
9 8
22 8
46 29
37 36
12 24
2 36
22 34
31 17
7 43
32 1
5 3
22 52
20 62
35 7
38 53
12 28
29 33
49 28
39 34
2 38
41 25
31 65
41 58
12 62
10 60
28 3
37 35
21 38
14 43
44 33
36 23
29 43
50 29
41 44
10 23
35 16
39 52
20 29
5 8
29 22
28 21
9 33
12 1
49 55
36 44
50 9
28 8
10 37
10 21
22 34
2 58
51 51
50 28
39 41
1 40
39 22
38 51
23 38
41 15
44 57
26 47
7 8
50 18
20 29
31 37
7 36
51 3
35 25
50 9
32 45
51 36
14 44
31 18
21 9
46 14
31 45
37 15
3 16
51 35
21 13
2 36
3 25
35 33
29 52
23 7
26 48
28 62
12 23
14 53
7 22
51 18
37 44
36 40
44 21
1 40
19 23
20 44
44 14
7 24
1 16
19 48
21 13
23 29
38 7
28 43
12 33
12 45
29 62
9 47
49 58
37 9
31 3
45 65
3 24
1 7
20 62
36 53
14 43
2 15
33 57
35 1
32 44
20 65
47 43
29 18
21 3
23 7
50 1
14 43
28 22
21 18
41 56
22 17
41 37
3 3
12 1
50 62
22 41
19 38
51 37
14 65
36 22
28 43
21 48
49 57
33 35
21 17
2 24
12 15
50 38
28 43
39 45
12 17
22 46
7 25
50 50
10 35
3 61
50 60
14 16
32 13
7 43
36 65
38 58
41 47
19 34
31 29
23 1
44 46
38 38
29 61
50 36
7 45
33 56
26 1
9 61
49 60
