16 66 37 46
.**..*..*...*.*...*...*.....***...***......*.....*..**..*..**....*
******************************************************************
******************************************************************
.**..*..*...*.*...*...*.....***...***......*.....*..**..*..**....*
.**..*..*...*.*...*...*.....***...***......*.....*..**..*..**....*
******************************************************************
******************************************************************
.**..*..*...*.*...*...*.....***...***......*.....*..**..*..**....*
.**..*..*...*.*...*...*.....***...***......*.....*..**..*..**....*
******************************************************************
.**..*..*...*.*...*...*.....***...***......*.....*..**..*..**....*
.**..*..*...*.*...*...*.....***...***......*.....*..**..*..**....*
.**..*..*...*.*...*...*.....***...***......*.....*..**..*..**....*
.**..*..*...*.*...*...*.....***...***......*.....*..**..*..**....*
.**..*..*...*.*...*...*.....***...***......*.....*..**..*..**....*
.**..*..*...*.*...*...*.....***...***......*.....*..**..*..**....*
5 51
9 34
4 63
4 1
16 14
9 32
9 10
13 39
12 32
16 59
8 28
11 55
15 17
1 7
15 55
9 38
8 26
14 63
1 32
8 56
13 43
16 38
1 17
5 1
1 21
15 47
1 18
11 40
5 46
11 39
4 40
16 22
4 59
11 63
14 51
13 16
4 5
13 34
14 42
16 16
11 41
15 12
13 49
9 43
11 25
16 58
12 10
9 58
1 49
14 46
14 41
4 18
5 63
12 65
16 24
12 17
9 47
1 24
16 62
1 21
4 63
1 8
1 24
15 41
4 20
9 65
1 38
4 40
11 55
16 25
15 56
13 59
16 63
9 45
11 14
8 8
8 43
5 26
11 5
16 14
12 21
1 14
9 5
