58 47 1236 14
***********************************************
***********************************************
***********************************************
.....*..*.***........*.**..*...*.*.*...*...*.*.
.....*..*.***........*.**..*...*.*.*...*...*.*.
***********************************************
.....*..*.***........*.**..*...*.*.*...*...*.*.
.....*..*.***........*.**..*...*.*.*...*...*.*.
***********************************************
.....*..*.***........*.**..*...*.*.*...*...*.*.
***********************************************
.....*..*.***........*.**..*...*.*.*...*...*.*.
***********************************************
***********************************************
.....*..*.***........*.**..*...*.*.*...*...*.*.
.....*..*.***........*.**..*...*.*.*...*...*.*.
.....*..*.***........*.**..*...*.*.*...*...*.*.
.....*..*.***........*.**..*...*.*.*...*...*.*.
***********************************************
***********************************************
.....*..*.***........*.**..*...*.*.*...*...*.*.
.....*..*.***........*.**..*...*.*.*...*...*.*.
.....*..*.***........*.**..*...*.*.*...*...*.*.
***********************************************
.....*..*.***........*.**..*...*.*.*...*...*.*.
.....*..*.***........*.**..*...*.*.*...*...*.*.
.....*..*.***........*.**..*...*.*.*...*...*.*.
***********************************************
.....*..*.***........*.**..*...*.*.*...*...*.*.
.....*..*.***........*.**..*...*.*.*...*...*.*.
***********************************************
.....*..*.***........*.**..*...*.*.*...*...*.*.
.....*..*.***........*.**..*...*.*.*...*...*.*.
.....*..*.***........*.**..*...*.*.*...*...*.*.
.....*..*.***........*.**..*...*.*.*...*...*.*.
***********************************************
.....*..*.***........*.**..*...*.*.*...*...*.*.
.....*..*.***........*.**..*...*.*.*...*...*.*.
.....*..*.***........*.**..*...*.*.*...*...*.*.
.....*..*.***........*.**..*...*.*.*...*...*.*.
.....*..*.***........*.**..*...*.*.*...*...*.*.
.....*..*.***........*.**..*...*.*.*...*...*.*.
***********************************************
.....*..*.***........*.**..*...*.*.*...*...*.*.
***********************************************
.....*..*.***........*.**..*...*.*.*...*...*.*.
***********************************************
.....*..*.***........*.**..*...*.*.*...*...*.*.
.....*..*.***........*.**..*...*.*.*...*...*.*.
.....*..*.***........*.**..*...*.*.*...*...*.*.
.....*..*.***........*.**..*...*.*.*...*...*.*.
.....*..*.***........*.**..*...*.*.*...*...*.*.
***********************************************
.....*..*.***........*.**..*...*.*.*...*...*.*.
***********************************************
.....*..*.***........*.**..*...*.*.*...*...*.*.
.....*..*.***........*.**..*...*.*.*...*...*.*.
.....*..*.***........*.**..*...*.*.*...*...*.*.
4 18
41 5
17 21
56 23
10 31
16 23
44 38
22 20
38 42
4 20
54 27
5 45
44 3
12 23
5 33
46 16
25 27
15 4
56 18
39 38
34 15
57 41
22 42
7 31
46 23
52 7
48 43
44 20
37 15
33 10
18 1
15 16
33 38
58 31
23 45
39 5
57 19
22 1
42 5
26 5
57 31
34 23
38 45
34 23
25 43
8 14
23 17
16 3
58 42
18 4
21 10
30 2
46 3
12 8
51 3
54 5
34 17
38 16
46 5
50 38
25 2
16 42
5 43
49 8
48 29
4 21
58 5
44 38
42 14
34 1
37 27
10 16
44 38
30 17
15 14
33 47
22 3
30 15
8 37
30 15
18 16
25 33
21 17
42 16
57 10
18 4
12 38
15 14
34 4
50 23
21 43
51 31
48 8
49 41
38 35
22 5
51 14
44 41
18 38
51 17
29 23
7 1
26 16
16 19
46 21
38 18
44 21
46 35
15 45
44 31
18 14
27 26
40 8
7 27
18 43
39 2
40 17
15 27
44 26
16 37
54 8
33 7
23 42
41 33
56 14
38 35
56 2
38 27
35 43
46 8
23 16
39 47
57 27
38 37
23 17
54 15
29 20
44 17
57 33
27 7
58 1
42 37
26 41
15 47
18 3
4 1
46 8
48 15
12 15
23 45
8 39
41 1
30 27
4 23
21 43
18 17
10 33
30 15
15 31
17 39
42 30
35 20
56 10
4 19
21 20
21 4
10 38
54 43
37 42
5 29
5 8
51 31
7 33
37 17
56 1
21 37
10 33
49 26
21 4
18 42
26 21
48 10
27 19
34 10
29 20
10 2
22 1
38 18
49 5
33 43
41 4
35 3
21 30
56 21
21 3
39 19
48 21
46 19
52 41
12 8
33 47
41 20
18 1
23 27
37 20
38 23
37 23
7 20
41 8
42 19
38 8
7 26
58 20
39 7
27 29
7 42
30 20
27 39
29 15
23 5
58 4
30 2
18 17
7 21
27 19
21 2
52 23
57 8
30 23
7 8
58 8
27 30
49 5
4 10
16 8
44 37
41 10
35 16
30 18
48 19
42 30
40 3
40 39
40 42
56 14
27 16
15 21
34 8
10 7
4 15
48 17
35 7
26 8
40 27
8 30
7 15
48 47
21 7
38 16
49 30
25 5
51 10
26 10
12 35
33 15
42 15
27 10
7 16
34 47
50 47
25 47
33 35
29 27
30 27
15 35
30 29
52 35
16 14
17 17
5 39
33 45
4 39
5 30
48 19
52 47
41 23
46 14
12 31
49 8
8 26
15 43
21 14
48 38
48 43
8 17
38 14
35 42
56 18
27 2
26 16
4 23
26 26
4 14
16 27
7 38
51 5
32 20
44 30
33 18
58 45
26 7
52 29
32 39
48 20
54 14
50 35
54 7
57 2
51 27
27 23
25 15
23 31
10 16
30 30
38 39
7 41
30 15
54 30
32 8
52 27
58 18
27 42
42 42
5 23
52 35
35 29
51 23
5 45
34 19
4 10
12 38
39 30
38 19
27 3
35 23
12 10
46 17
52 29
23 15
29 15
25 8
27 10
35 4
37 42
10 1
42 18
16 4
17 20
58 10
39 7
29 19
22 35
41 38
29 7
21 30
37 8
26 23
49 7
16 27
49 30
49 27
4 39
32 26
5 21
34 26
8 31
27 38
37 15
26 21
35 1
30 21
51 35
51 23
12 17
54 1
32 35
57 35
48 21
33 19
15 5
21 31
49 35
27 8
23 33
22 38
54 4
58 38
32 8
29 5
39 18
38 31
46 14
49 4
42 26
41 21
27 20
23 42
5 10
52 8
21 33
50 1
56 29
4 1
21 37
7 5
30 33
41 20
21 26
41 16
26 4
34 21
35 2
37 39
12 23
57 16
49 8
57 38
18 8
49 26
26 17
52 8
57 7
58 10
8 29
54 27
56 5
54 5
29 21
42 5
17 45
38 41
10 26
22 1
12 14
49 15
18 35
34 47
5 8
40 26
26 41
4 14
58 2
22 21
39 14
7 16
49 21
12 4
40 41
34 23
56 7
17 16
54 37
17 39
34 4
30 8
46 30
37 10
46 23
48 5
8 37
52 15
33 7
23 43
39 3
15 20
49 27
15 16
54 16
12 5
39 43
37 8
49 1
49 16
42 38
22 15
40 18
58 8
44 38
29 35
41 19
49 26
35 3
46 8
10 7
50 39
10 23
58 21
44 37
52 15
35 45
38 4
5 14
40 7
12 33
57 20
29 30
22 35
23 10
34 41
51 47
35 35
25 41
50 5
50 31
54 10
27 45
49 35
16 27
12 35
30 47
52 4
17 47
58 38
42 10
22 27
4 37
23 1
39 37
44 37
40 31
21 43
38 37
58 17
58 19
40 27
33 2
22 43
40 15
42 1
32 23
15 20
4 14
26 45
44 21
22 43
12 35
30 4
46 41
21 39
40 16
33 31
10 38
54 23
57 5
18 17
22 30
16 1
32 45
27 7
23 23
8 35
46 39
46 20
8 45
46 30
54 18
42 38
49 1
15 39
26 37
54 16
22 35
21 26
12 1
18 27
57 37
37 30
8 3
37 1
39 23
54 14
10 17
32 27
32 17
7 17
16 4
42 30
15 2
29 26
32 38
4 45
18 5
56 16
52 18
10 42
22 18
52 7
25 39
12 8
5 39
54 35
40 33
39 26
8 7
35 19
50 30
10 35
42 31
49 23
41 2
16 8
44 27
39 23
22 17
23 31
22 19
25 29
41 21
12 39
38 4
42 27
22 5
22 18
34 21
44 23
33 15
33 2
29 14
48 5
25 16
56 38
51 33
52 43
21 10
16 29
58 10
22 43
34 29
23 41
21 23
42 41
29 7
26 47
58 16
29 31
5 7
4 41
18 31
4 27
57 19
49 42
10 10
21 8
18 20
48 10
8 47
54 8
50 4
16 33
27 37
54 8
12 5
54 35
27 45
32 38
25 43
29 17
54 4
57 26
48 7
25 29
35 30
48 20
39 29
12 27
37 16
15 29
54 17
44 10
54 3
23 38
40 30
42 19
27 29
21 37
7 16
21 2
51 42
50 18
38 29
21 45
17 33
41 45
17 21
58 4
40 43
44 3
46 31
18 41
52 16
52 27
32 16
58 42
25 31
12 2
29 41
39 33
18 31
51 5
22 16
37 5
32 37
40 45
16 1
52 39
16 26
27 23
10 2
16 27
44 19
57 1
44 31
37 43
7 42
57 45
16 35
38 21
50 16
38 38
41 5
30 38
21 16
15 26
49 38
39 10
54 19
41 17
10 10
26 2
48 27
21 14
49 5
17 15
41 5
27 8
40 19
29 47
15 21
4 18
57 33
40 38
30 2
50 16
50 41
27 47
37 2
30 23
57 18
38 8
42 16
54 2
39 29
37 19
33 14
5 37
35 21
17 39
42 26
57 2
51 1
21 26
17 33
50 14
25 5
38 45
39 8
15 42
8 2
22 2
32 20
8 27
37 16
38 1
22 38
5 23
49 7
51 17
8 47
17 42
44 2
54 41
34 7
41 37
30 19
48 30
52 47
39 23
22 47
7 27
25 23
46 1
35 23
32 30
57 21
46 7
54 37
48 26
54 37
39 10
32 29
30 4
27 21
46 14
56 18
40 29
39 3
40 29
40 19
58 16
18 31
49 7
12 23
15 2
16 43
34 39
26 39
46 10
18 23
10 43
51 30
10 16
30 5
7 15
58 1
4 41
38 5
50 18
40 5
48 16
21 15
16 27
33 4
37 37
25 16
30 15
54 47
8 1
33 3
5 41
54 10
58 45
12 4
41 26
15 18
58 3
27 23
7 15
50 43
34 31
30 19
27 19
46 30
15 19
29 7
41 19
48 41
17 26
56 27
8 23
42 43
10 18
42 35
56 14
39 10
17 35
4 42
54 31
22 30
42 41
34 33
23 27
10 5
42 17
52 5
35 8
49 35
51 7
21 3
52 20
37 27
17 27
38 14
21 39
57 4
27 2
16 17
51 42
27 23
5 18
27 4
7 20
29 1
48 4
32 7
39 8
35 27
51 39
58 23
4 30
48 30
8 31
48 26
38 16
50 42
34 8
35 1
26 29
22 10
38 16
40 21
34 39
26 47
57 30
4 39
17 35
23 8
15 33
54 23
39 16
26 38
56 2
10 30
41 29
7 8
8 1
51 30
40 1
56 38
29 20
34 23
30 45
7 21
18 18
5 17
25 45
37 10
30 26
58 3
30 39
7 5
38 15
17 19
30 39
44 3
39 26
49 1
40 10
57 17
15 21
30 37
18 30
56 38
15 8
29 7
58 14
30 7
34 16
25 2
56 19
27 14
35 35
8 1
52 14
30 7
37 26
12 21
57 39
21 31
15 18
32 35
16 23
32 20
17 20
10 2
34 17
48 2
57 33
33 38
26 3
46 47
51 43
39 20
27 5
30 42
18 42
56 26
35 23
30 29
4 19
7 1
58 29
51 3
5 37
56 20
12 27
57 41
16 5
12 37
22 3
7 21
30 17
17 4
56 20
17 39
26 31
57 21
26 1
33 23
10 18
51 42
4 31
21 3
40 42
12 33
46 23
15 45
33 19
5 27
42 35
46 37
12 42
27 16
41 39
8 33
35 31
22 15
16 17
35 18
8 18
15 37
27 42
8 1
37 4
37 17
5 18
35 8
52 23
46 23
52 33
46 26
58 39
16 41
8 8
37 42
27 45
44 15
18 27
35 4
39 35
29 41
38 14
49 10
54 41
57 39
18 7
5 14
46 45
33 37
48 41
8 5
38 1
23 3
56 4
12 5
39 3
16 1
42 30
44 2
18 33
33 31
42 41
40 31
22 30
17 4
4 5
26 5
38 39
25 45
25 35
56 19
4 38
8 8
12 43
57 33
26 14
40 2
5 42
12 4
27 23
49 23
34 38
21 41
50 15
41 38
8 2
50 43
32 3
40 30
39 45
26 39
42 33
40 45
38 21
5 14
8 7
5 20
35 30
21 42
21 2
21 2
50 47
8 17
22 19
33 15
25 10
5 19
35 30
57 33
37 35
42 3
42 39
10 14
44 20
41 42
4 39
7 17
18 26
7 38
34 4
23 7
25 27
46 45
37 17
39 15
21 5
5 4
49 10
12 33
5 35
30 2
23 43
33 29
52 5
7 26
23 7
30 23
17 14
52 30
16 19
27 26
15 15
25 38
42 16
30 26
17 41
25 16
16 39
10 31
52 15
44 33
7 33
8 38
26 7
54 7
16 35
17 10
51 27
26 43
52 19
27 20
51 20
35 38
29 26
34 26
16 35
17 41
34 16
38 26
22 21
37 31
25 42
48 47
56 20
48 17
18 20
42 10
40 23
16 16
15 3
46 43
38 8
7 38
26 29
34 45
12 1
32 45
49 26
8 33
34 17
18 20
57 45
25 43
48 47
29 3
17 45
50 3
10 26
37 26
48 17
57 27
46 18
26 33
44 7
35 26
10 35
58 26
26 3
25 26
10 17
27 37
41 7
23 37
42 4
16 47
10 16
7 19
51 41
40 3
15 31
30 43
29 17
32 5
41 27
37 23
29 18
39 26
46 31
27 38
7 35
17 19
