48 91 1670 116
........*..*...**......*..*......***.....*****.***...*....*.*..*..**.*........*.....**..***
*******************************************************************************************
........*..*...**......*..*......***.....*****.***...*....*.*..*..**.*........*.....**..***
........*..*...**......*..*......***.....*****.***...*....*.*..*..**.*........*.....**..***
........*..*...**......*..*......***.....*****.***...*....*.*..*..**.*........*.....**..***
........*..*...**......*..*......***.....*****.***...*....*.*..*..**.*........*.....**..***
*******************************************************************************************
........*..*...**......*..*......***.....*****.***...*....*.*..*..**.*........*.....**..***
........*..*...**......*..*......***.....*****.***...*....*.*..*..**.*........*.....**..***
........*..*...**......*..*......***.....*****.***...*....*.*..*..**.*........*.....**..***
........*..*...**......*..*......***.....*****.***...*....*.*..*..**.*........*.....**..***
........*..*...**......*..*......***.....*****.***...*....*.*..*..**.*........*.....**..***
........*..*...**......*..*......***.....*****.***...*....*.*..*..**.*........*.....**..***
........*..*...**......*..*......***.....*****.***...*....*.*..*..**.*........*.....**..***
........*..*...**......*..*......***.....*****.***...*....*.*..*..**.*........*.....**..***
*******************************************************************************************
*******************************************************************************************
........*..*...**......*..*......***.....*****.***...*....*.*..*..**.*........*.....**..***
*******************************************************************************************
*******************************************************************************************
........*..*...**......*..*......***.....*****.***...*....*.*..*..**.*........*.....**..***
*******************************************************************************************
........*..*...**......*..*......***.....*****.***...*....*.*..*..**.*........*.....**..***
*******************************************************************************************
........*..*...**......*..*......***.....*****.***...*....*.*..*..**.*........*.....**..***
*******************************************************************************************
........*..*...**......*..*......***.....*****.***...*....*.*..*..**.*........*.....**..***
*******************************************************************************************
*******************************************************************************************
........*..*...**......*..*......***.....*****.***...*....*.*..*..**.*........*.....**..***
........*..*...**......*..*......***.....*****.***...*....*.*..*..**.*........*.....**..***
........*..*...**......*..*......***.....*****.***...*....*.*..*..**.*........*.....**..***
........*..*...**......*..*......***.....*****.***...*....*.*..*..**.*........*.....**..***
*******************************************************************************************
*******************************************************************************************
*******************************************************************************************
........*..*...**......*..*......***.....*****.***...*....*.*..*..**.*........*.....**..***
*******************************************************************************************
........*..*...**......*..*......***.....*****.***...*....*.*..*..**.*........*.....**..***
........*..*...**......*..*......***.....*****.***...*....*.*..*..**.*........*.....**..***
........*..*...**......*..*......***.....*****.***...*....*.*..*..**.*........*.....**..***
........*..*...**......*..*......***.....*****.***...*....*.*..*..**.*........*.....**..***
........*..*...**......*..*......***.....*****.***...*....*.*..*..**.*........*.....**..***
........*..*...**......*..*......***.....*****.***...*....*.*..*..**.*........*.....**..***
........*..*...**......*..*......***.....*****.***...*....*.*..*..**.*........*.....**..***
........*..*...**......*..*......***.....*****.***...*....*.*..*..**.*........*.....**..***
........*..*...**......*..*......***.....*****.***...*....*.*..*..**.*........*.....**..***
*******************************************************************************************
12 6
3 2
3 41
11 26
46 31
25 1
30 23
8 8
30 5
1 56
9 5
25 37
47 87
4 72
4 84
42 84
44 83
4 87
15 15
42 57
11 57
45 4
5 58
13 81
8 21
10 63
4 18
41 56
21 14
40 53
12 18
13 39
21 87
9 13
14 84
9 84
41 41
33 74
13 88
39 1
42 63
9 88
47 55
40 74
15 14
8 40
41 53
3 83
23 29
15 39
39 10
33 71
37 23
14 72
44 60
31 26
21 28
15 30
8 30
15 31
47 37
46 87
12 25
23 47
32 20
31 20
15 75
6 26
40 21
10 51
46 66
39 8
6 71
42 19
33 76
21 75
33 4
4 11
40 66
14 38
18 62
47 30
40 22
1 20
15 22
10 66
6 11
3 23
21 32
25 84
15 78
6 87
14 71
27 58
5 38
13 2
5 53
15 47
18 13
44 52
32 58
45 6
43 88
14 11
14 39
5 40
44 73
14 63
25 55
10 19
3 15
30 47
9 74
1 62
3 75
30 88
42 58
21 73
18 51
5 28
37 26
46 60
14 28
46 75
39 37
47 39
10 33
42 2
45 51
1 76
12 18
9 53
1 57
11 31
43 88
37 31
39 19
8 51
31 14
1 63
18 22
27 51
9 73
23 39
45 56
41 51
39 88
25 20
10 76
27 77
42 14
4 58
5 83
41 30
27 41
45 7
18 11
1 51
43 13
15 76
42 57
47 40
27 72
15 6
37 41
23 47
37 5
15 72
9 66
21 32
14 31
14 32
45 51
46 1
31 11
37 28
14 87
1 56
42 82
47 75
41 21
47 1
1 29
9 75
1 29
30 55
21 76
33 19
46 37
44 30
37 20
39 57
11 80
23 73
10 14
39 65
39 28
21 83
6 78
10 6
18 41
3 19
32 56
45 26
47 1
31 66
18 58
41 62
45 38
39 74
46 38
43 6
46 8
32 30
3 77
21 82
41 77
10 23
5 65
40 71
14 23
5 10
43 63
14 76
27 62
9 8
18 18
39 6
27 26
43 55
5 6
18 2
30 83
15 18
23 7
9 30
23 88
12 37
47 72
14 7
42 25
42 62
42 66
3 33
25 26
37 78
4 40
43 87
9 84
5 73
44 29
18 37
45 32
11 71
40 7
6 76
6 33
43 57
32 66
30 60
25 84
27 4
46 40
14 25
45 8
42 51
32 11
5 5
45 47
47 11
11 80
4 32
10 4
5 23
47 28
41 65
10 29
4 37
6 2
42 25
5 73
45 66
9 87
41 15
12 4
14 26
32 18
33 22
13 8
3 53
11 13
31 22
43 69
6 66
3 52
46 22
39 14
13 21
18 11
18 38
42 13
8 28
30 21
8 76
6 88
32 63
43 88
13 14
31 63
8 32
45 69
6 84
25 22
6 10
45 33
27 39
14 19
8 15
12 20
3 5
33 63
23 32
14 11
23 8
23 6
44 62
37 71
37 52
8 19
45 82
33 26
3 30
42 21
41 39
18 73
30 1
12 26
13 40
42 1
39 7
14 10
15 18
45 88
44 33
9 41
4 75
18 77
4 41
9 26
10 13
5 81
31 1
41 3
44 77
4 69
43 20
30 57
42 78
9 75
21 76
11 28
46 82
9 30
25 65
1 26
18 38
43 39
15 1
3 19
10 66
8 87
3 39
43 10
44 63
41 6
31 82
25 3
4 30
31 23
25 22
4 33
47 78
13 80
9 58
6 7
5 15
41 40
10 63
45 47
21 22
40 23
1 5
14 62
3 37
41 52
25 15
39 40
12 63
21 2
5 82
37 2
27 57
23 55
1 73
46 78
40 7
1 57
46 63
39 20
3 56
13 1
42 62
44 77
3 55
15 32
43 26
47 39
30 40
45 63
39 47
41 55
21 30
21 87
4 33
5 76
44 3
8 7
14 3
6 28
9 3
32 63
14 74
39 81
43 14
8 2
25 39
21 83
37 6
47 22
11 55
31 23
39 47
40 51
44 66
23 62
23 71
23 33
47 66
47 41
18 28
32 58
11 22
37 53
9 18
33 2
9 87
3 41
18 80
31 62
46 80
1 2
12 69
30 4
37 62
13 11
47 18
27 26
4 87
45 76
41 2
12 18
43 40
6 33
27 23
39 69
46 41
43 23
3 57
43 69
9 11
12 51
47 77
47 65
4 15
6 28
25 55
8 55
11 81
9 56
25 1
18 38
23 21
21 72
32 52
31 18
11 84
8 4
40 22
32 26
37 11
3 25
18 71
42 3
27 62
25 74
3 87
40 83
45 71
30 83
43 37
32 71
6 29
32 51
14 65
47 33
46 40
46 51
14 76
13 62
12 28
43 32
45 28
21 38
47 74
31 26
9 77
42 83
11 18
5 4
47 6
12 74
11 41
9 38
42 51
18 63
44 10
47 29
14 4
6 40
42 28
14 19
33 88
3 11
14 57
4 66
41 13
46 40
44 4
18 14
4 52
42 38
18 72
10 6
23 5
15 21
14 82
31 88
6 83
37 13
30 51
18 73
18 63
40 73
12 18
33 60
27 47
6 28
27 73
32 78
46 78
30 77
21 41
25 71
14 65
13 38
4 7
14 37
1 80
37 78
11 41
27 41
23 62
3 83
23 78
13 58
30 37
43 3
3 2
11 62
4 65
44 15
12 55
40 30
42 69
10 2
43 29
11 74
45 40
31 53
15 5
11 87
32 72
30 41
43 65
40 11
43 56
27 1
42 55
37 20
12 81
43 5
33 55
6 11
1 84
3 25
10 4
14 39
47 2
9 78
43 38
4 76
23 40
21 72
31 77
15 66
27 32
33 15
30 57
3 4
44 26
4 77
40 7
47 56
27 88
44 11
46 69
31 53
30 62
42 56
13 30
23 60
23 78
5 66
9 87
13 60
41 66
14 30
27 11
42 58
45 51
3 87
12 21
44 40
14 21
45 38
42 13
23 4
45 55
23 33
12 13
18 87
4 20
10 83
47 8
32 22
21 23
4 19
4 58
8 80
1 13
46 30
25 65
4 63
42 13
9 88
40 41
37 41
42 8
12 30
21 47
43 71
15 1
47 29
39 28
37 62
10 4
32 10
40 39
25 1
14 38
42 77
18 39
12 29
21 62
13 40
21 29
31 1
44 72
18 40
9 18
6 18
31 38
45 25
39 31
40 51
42 75
6 19
15 21
8 76
6 81
46 63
15 14
1 87
32 41
31 74
27 63
33 15
18 76
32 52
10 75
37 39
43 60
42 39
1 19
4 55
18 82
45 57
6 26
9 20
13 71
33 55
40 81
11 40
30 6
10 32
6 3
40 21
47 53
5 10
11 47
27 39
8 19
31 19
11 37
23 10
44 71
12 11
42 26
33 66
6 65
43 39
45 32
30 23
44 22
30 47
8 56
43 52
32 76
40 81
14 37
3 81
5 41
44 77
31 28
42 40
39 8
13 82
13 14
27 60
4 2
31 33
45 81
43 87
21 80
27 69
6 81
12 65
11 15
39 56
6 71
27 21
4 38
8 22
21 62
5 88
25 11
43 5
43 11
6 78
6 78
4 76
31 33
39 2
18 2
18 52
42 38
41 84
30 29
1 52
40 53
37 13
42 69
13 87
9 26
4 22
9 15
42 39
6 57
41 37
8 25
12 2
8 82
3 56
31 87
37 29
1 13
1 14
25 72
10 19
47 52
15 51
37 73
33 23
25 30
31 82
45 77
43 47
30 21
27 19
23 26
8 26
25 41
5 7
45 88
44 56
31 82
31 26
15 7
43 22
44 23
43 51
3 53
33 84
31 18
30 41
41 71
12 18
42 76
1 10
1 56
39 57
6 83
46 80
6 31
45 29
15 23
30 32
21 58
5 72
45 81
10 4
41 57
1 13
1 4
44 60
15 78
40 66
1 32
45 38
42 73
5 51
30 18
21 72
27 41
41 26
45 33
11 11
13 37
31 22
13 74
18 74
37 13
13 6
27 13
27 7
37 72
40 66
13 6
33 29
18 10
41 83
47 15
10 18
15 40
11 22
8 19
23 53
18 58
42 52
37 41
23 77
8 52
41 88
30 8
13 20
6 73
25 78
21 10
1 19
42 28
10 5
23 6
40 41
11 15
3 87
1 28
44 84
46 60
40 22
43 1
44 55
37 66
32 82
27 39
44 63
44 30
40 65
30 87
4 63
9 83
31 30
46 13
23 19
13 18
45 14
37 88
21 39
11 51
5 29
39 41
6 21
46 51
18 82
10 77
33 76
46 40
45 20
33 51
12 38
37 60
10 41
30 3
23 66
13 18
45 83
21 53
32 77
4 4
23 6
47 73
23 69
44 14
46 4
44 26
15 11
8 87
1 47
3 74
37 8
5 13
40 31
15 71
15 37
40 22
13 32
4 6
14 81
23 8
33 87
10 33
15 33
9 87
30 26
37 77
31 41
5 20
9 69
47 6
12 60
18 13
21 11
3 20
33 26
46 3
15 80
32 5
18 38
37 51
14 47
23 47
39 77
8 15
1 78
10 3
40 75
12 57
11 56
5 26
41 5
8 55
27 76
39 4
45 78
42 15
40 29
27 4
46 26
42 28
42 15
3 20
1 77
3 62
39 69
14 37
31 2
5 71
8 71
37 81
8 83
21 65
4 65
37 81
41 53
25 63
9 8
15 38
43 76
31 88
10 19
30 57
6 53
37 63
1 8
46 33
18 69
6 5
37 26
12 38
8 2
30 40
30 83
27 22
12 52
10 15
21 66
27 19
25 69
18 74
39 88
5 3
3 14
6 5
9 76
8 21
37 8
45 47
6 62
30 1
43 75
13 14
1 63
11 66
1 81
32 1
40 57
13 87
10 72
31 80
6 62
13 63
33 39
14 75
8 19
15 73
23 74
31 74
37 15
31 3
21 8
31 14
37 10
8 19
32 28
37 26
44 13
27 83
44 29
1 66
8 75
41 51
18 72
25 78
47 56
40 57
1 1
14 82
10 74
8 72
39 72
10 32
41 82
39 77
46 71
10 7
9 82
43 2
31 4
1 23
41 14
10 66
40 57
6 31
30 57
27 77
6 20
5 55
18 30
39 58
33 75
42 55
44 75
6 38
14 75
12 15
1 4
13 66
1 7
3 73
5 55
41 37
14 38
46 74
45 5
12 30
1 13
42 56
44 26
1 53
8 25
3 80
1 74
27 76
27 14
23 58
10 63
39 69
30 41
13 72
15 33
5 15
9 31
8 53
39 18
43 4
25 88
39 11
42 74
33 84
8 25
9 21
8 37
47 56
23 3
4 60
39 80
41 7
25 71
40 75
3 88
23 37
47 19
9 29
15 20
46 37
10 32
32 26
45 32
1 39
33 62
3 31
25 58
3 2
30 33
37 69
44 22
25 76
1 2
3 25
18 8
9 74
31 4
46 40
40 72
32 38
6 83
14 25
5 25
44 57
8 25
11 77
42 41
46 37
41 87
4 75
37 15
25 78
6 81
46 39
42 20
5 52
9 87
43 65
31 57
10 37
14 69
25 26
33 83
15 62
37 6
27 10
13 25
42 75
47 3
14 66
30 71
27 14
30 23
39 69
10 26
13 4
9 41
5 52
25 21
25 55
15 75
5 82
5 40
32 65
31 78
18 21
12 83
33 2
3 55
31 37
41 41
30 1
25 39
43 15
32 51
33 20
21 65
11 23
42 11
27 37
15 1
21 23
1 29
30 74
46 40
37 40
40 39
33 58
6 29
30 1
13 41
4 2
47 8
45 69
8 77
46 81
3 73
4 25
39 71
4 87
44 2
23 72
32 13
15 2
9 74
8 3
15 58
40 13
5 71
47 26
12 78
42 78
18 30
30 66
10 71
8 15
11 88
9 1
23 37
45 81
23 15
12 66
13 20
46 69
30 38
30 32
21 29
5 37
5 71
5 37
43 40
3 52
39 82
31 39
6 88
47 47
3 47
12 81
1 29
13 26
47 7
44 3
6 2
21 11
32 3
18 23
45 18
13 19
37 53
43 63
6 40
21 72
4 15
10 51
25 77
32 6
4 76
37 14
32 32
37 52
47 52
25 3
31 41
31 72
10 47
42 60
18 30
3 19
41 82
15 72
43 2
42 58
8 76
44 51
33 18
32 37
30 22
1 76
18 32
14 41
13 87
47 60
5 87
12 47
21 25
14 32
44 4
15 4
47 53
45 40
44 56
4 32
11 6
8 52
31 56
46 41
18 84
32 78
23 23
13 76
10 72
13 40
23 63
21 18
6 80
14 47
47 14
30 76
27 33
11 83
3 83
42 7
40 52
9 6
8 7
41 84
8 83
18 18
4 4
4 6
31 30
3 38
15 10
40 3
25 3
31 88
32 25
21 69
8 60
30 71
39 78
47 1
6 69
13 76
39 30
4 11
21 25
4 57
43 62
6 14
37 19
32 77
30 81
15 33
18 22
5 52
18 33
5 73
45 31
5 26
8 38
46 32
41 30
1 57
41 83
1 7
37 87
45 40
15 88
44 84
1 58
5 32
15 29
23 62
3 76
5 62
47 74
31 65
12 53
27 62
37 13
23 1
14 62
46 1
13 38
47 8
37 19
8 63
40 83
30 69
12 58
18 20
33 47
12 73
9 5
27 2
30 2
44 88
30 33
47 88
1 5
21 71
4 30
21 71
30 57
1 77
46 81
12 8
44 23
4 1
47 66
41 39
13 81
3 11
15 8
12 6
8 38
44 87
18 5
41 28
31 18
27 60
15 38
40 69
32 26
4 28
46 41
39 23
40 15
25 52
3 57
46 6
8 75
23 77
32 60
33 63
27 3
18 76
9 88
4 19
8 37
23 15
43 66
31 66
42 73
46 66
32 4
44 83
42 39
39 19
32 60
42 60
41 77
31 60
47 80
32 88
47 53
1 41
15 33
23 7
42 13
12 78
1 19
40 63
6 4
25 53
5 51
3 4
41 1
18 39
18 74
25 32
37 80
37 13
27 40
15 4
8 87
41 28
47 22
32 2
44 88
21 56
4 47
40 30
37 18
8 71
11 81
44 80
21 40
3 77
8 58
18 21
32 84
4 65
33 78
23 62
31 52
30 19
44 22
32 52
9 14
43 77
37 3
10 10
11 41
18 8
27 23
37 8
27 38
45 33
10 80
4 40
23 4
6 69
13 21
21 40
41 32
31 25
27 7
13 32
10 7
10 11
30 40
3 13
41 32
9 87
21 81
5 11
42 60
3 30
43 21
31 88
12 73
9 10
21 71
13 25
45 52
1 87
41 51
8 47
39 29
46 13
15 10
42 78
42 57
42 4
46 29
6 76
43 52
27 69
37 80
47 87
1 83
4 51
13 84
45 69
39 21
32 37
1 57
18 4
1 87
46 69
37 23
45 6
43 25
5 28
12 28
40 57
33 53
37 66
8 72
8 53
12 75
41 63
32 76
23 25
13 1
41 88
15 23
4 13
30 77
30 7
43 7
14 72
37 10
39 29
10 11
12 19
18 62
46 83
8 83
12 40
39 75
23 75
4 32
42 5
43 29
46 21
3 74
12 22
18 78
23 5
39 37
46 25
15 88
3 1
46 20
18 26
23 58
4 18
42 13
47 56
25 19
33 8
44 73
25 38
8 1
6 8
47 14
33 22
32 6
1 39
14 55
3 65
6 2
4 10
1 72
31 4
21 82
12 21
10 11
12 83
32 25
23 60
21 39
47 32
23 55
12 29
14 8
4 28
9 7
21 63
1 73
14 41
13 83
6 23
30 25
40 41
15 18
14 26
33 87
23 63
46 20
33 11
37 56
8 1
21 5
41 71
39 53
41 6
23 2
9 30
40 25
11 1
32 80
46 72
13 13
9 22
9 78
39 22
42 63
3 74
6 39
31 60
44 76
30 63
30 80
14 69
25 53
13 20
12 82
27 84
27 33
33 65
32 18
21 51
43 5
10 8
15 60
41 18
30 22
15 76
41 19
10 40
23 75
10 82
41 18
23 72
15 29
47 72
5 65
10 83
33 80
39 75
30 14
13 11
47 4
44 62
39 23
23 63
4 81
41 22
