Query 1 -> 100001111001100000111011101101111000 36
Representations
0 -> 0 1
1 -> 1 1
2 -> 2 1
3 -> 3 1
4 -> 4 1
5 -> 5 1
6 -> 6 1
7 -> 7 1
8 -> 8 1
9 -> 9 1
Query 1 -> 100001111001100000111011101101111000 36
Representations
0 -> 0 1
1 -> 77552465 36
2 -> 2 1
3 -> 3 1
4 -> 4 1
5 -> 5 1
6 -> 6 1
7 -> 7 1
8 -> 8 1
9 -> 9 1
Query 1 -> 100001111001100000111011101101111000 36
Representations
0 -> 0 1
1 -> 474994907 701
2 -> 2 1
3 -> 3 1
4 -> 4 1
5 -> 5 1
6 -> 6 1
7 -> 7 1
8 -> 8 1
9 -> 9 1
Query 1 -> 100001111001100000111011101101111000 36
Representations
0 -> 0 1
1 -> 488841748 13336
2 -> 2 1
3 -> 3 1
4 -> 4 1
5 -> 5 1
6 -> 6 1
7 -> 7 1
8 -> 8 1
9 -> 9 1
Query 1 -> 100001111001100000111011101101111000 36
Representations
0 -> 0 1
1 -> 180564601 253401
2 -> 2 1
3 -> 3 1
4 -> 4 1
5 -> 5 1
6 -> 6 1
7 -> 7 1
8 -> 8 1
9 -> 9 1
Query 1 -> 10001000011100001001010011010100101001001010100001 50
Representations
0 -> 0 1
1 -> 438416867 4814636
2 -> 2 1
3 -> 3 1
4 -> 4 1
5 -> 5 1
6 -> 6 1
7 -> 7 1
8 -> 8 1
9 -> 9 1
Query 0 -> 0010000011000110011100100100001100000000000111111 49
Representations
0 -> 0 1
1 -> 410669983 91478115
2 -> 2 1
3 -> 3 1
4 -> 4 1
5 -> 5 1
6 -> 6 1
7 -> 7 1
8 -> 8 1
9 -> 9 1
Query 0 -> 0111110010000000001011011110101011 34
Representations
0 -> 20407415 1646606101
1 -> 410669983 91478115
2 -> 2 1
3 -> 3 1
4 -> 4 1
5 -> 5 1
6 -> 6 1
7 -> 7 1
8 -> 8 1
9 -> 9 1
Query 1 -> 00101101011111000100001001111000000100000010 44
Representations
0 -> 274518161 29547431672
1 -> 410669983 91478115
2 -> 2 1
3 -> 3 1
4 -> 4 1
5 -> 5 1
6 -> 6 1
7 -> 7 1
8 -> 8 1
9 -> 9 1
Query 0 -> 1110100011100011011010011 25
Representations
0 -> 274518161 29547431672
1 -> 803765353 799335783099
2 -> 2 1
3 -> 3 1
4 -> 4 1
5 -> 5 1
6 -> 6 1
7 -> 7 1
8 -> 8 1
9 -> 9 1
Query 0 -> 011010001110110110010111110100001011 36
Representations
0 -> 683156967 11515722711778
1 -> 803765353 799335783099
2 -> 2 1
3 -> 3 1
4 -> 4 1
5 -> 5 1
6 -> 6 1
7 -> 7 1
8 -> 8 1
9 -> 9 1
Query 0 -> 1010010111010110010111111100011110110011010011011 49
Representations
0 -> 845910831 200238279050428
1 -> 803765353 799335783099
2 -> 2 1
3 -> 3 1
4 -> 4 1
5 -> 5 1
6 -> 6 1
7 -> 7 1
8 -> 8 1
9 -> 9 1
Query 0 -> 0000110001000110110111110011100011111010010010 46
Representations
0 -> 552966720 3828507375451102
1 -> 803765353 799335783099
2 -> 2 1
3 -> 3 1
4 -> 4 1
5 -> 5 1
6 -> 6 1
7 -> 7 1
8 -> 8 1
9 -> 9 1
Query 1 -> 1000011110011000001110111011011110001->00011111110100110000111101010011011110001100100010 89
Representations
0 -> 536641610 88074054358386623
1 -> 803765353 799335783099
2 -> 2 1
3 -> 3 1
4 -> 4 1
5 -> 5 1
6 -> 6 1
7 -> 7 1
8 -> 8 1
9 -> 9 1
Query 1 -> 10001000011100001001010011010100101001001010100001 50
Representations
0 -> 536641610 88074054358386623
1 -> 109493236 3611073005080236746
2 -> 2 1
3 -> 3 1
4 -> 4 1
5 -> 5 1
6 -> 6 1
7 -> 7 1
8 -> 8 1
9 -> 9 1
Query 0 -> 0010000011000110011100100100001100000000000111111 49
Representations
0 -> 536641610 88074054358386623
1 -> 525283370 16000450560505828639
2 -> 2 1
3 -> 3 1
4 -> 4 1
5 -> 5 1
6 -> 6 1
7 -> 7 1
8 -> 8 1
9 -> 9 1
Query 0 -> 0111110010000000001011011110101011 34
Representations
0 -> 899921919 14037244668571626575
1 -> 525283370 16000450560505828639
2 -> 2 1
3 -> 3 1
4 -> 4 1
5 -> 5 1
6 -> 6 1
7 -> 7 1
8 -> 8 1
9 -> 9 1
Query 1 -> 00101101011111000100001001111000000100000010 44
Representations
0 -> 523508656 12578728904158845006
1 -> 525283370 16000450560505828639
2 -> 2 1
3 -> 3 1
4 -> 4 1
5 -> 5 1
6 -> 6 1
7 -> 7 1
8 -> 8 1
9 -> 9 1
Query 0 -> 1110100011100011011010011 25
Representations
0 -> 523508656 12578728904158845006
1 -> 330023241 2890785508472698697
2 -> 2 1
3 -> 3 1
4 -> 4 1
5 -> 5 1
6 -> 6 1
7 -> 7 1
8 -> 8 1
9 -> 9 1
Query 0 -> 011010001110110110010111110100001011 36
Representations
0 -> 554405877 12816318400979112280
1 -> 330023241 2890785508472698697
2 -> 2 1
3 -> 3 1
4 -> 4 1
5 -> 5 1
6 -> 6 1
7 -> 7 1
8 -> 8 1
9 -> 9 1
Query 0 -> 1010010111010110010111111100011110110011010011011 49
Representations
0 -> 450329010 4622387553186047796
1 -> 330023241 2890785508472698697
2 -> 2 1
3 -> 3 1
4 -> 4 1
5 -> 5 1
6 -> 6 1
7 -> 7 1
8 -> 8 1
9 -> 9 1
Query 0 -> 0000110001000110110111110011100011111010010010 46
Representations
0 -> 755200748 8528232101329904490
1 -> 330023241 2890785508472698697
2 -> 2 1
3 -> 3 1
4 -> 4 1
5 -> 5 1
6 -> 6 1
7 -> 7 1
8 -> 8 1
9 -> 9 1
Query 1 -> 1000011110011000001110111011011110001->00011111110100110000111101010011011110001100100010 89
Representations
0 -> 963771993 4382987993526150677
1 -> 330023241 2890785508472698697
2 -> 2 1
3 -> 3 1
4 -> 4 1
5 -> 5 1
6 -> 6 1
7 -> 7 1
8 -> 8 1
9 -> 9 1
Query 1 -> 10001000011100001001010011010100101001001010100001 50
Representations
0 -> 963771993 4382987993526150677
1 -> 801614848 17530735951903854612
2 -> 2 1
3 -> 3 1
4 -> 4 1
5 -> 5 1
6 -> 6 1
7 -> 7 1
8 -> 8 1
9 -> 9 1
Query 0 -> 0010000011000110011100100100001100000000000111111 49
Representations
0 -> 963771993 4382987993526150677
1 -> 503276521 7788009042745118215
2 -> 2 1
3 -> 3 1
4 -> 4 1
5 -> 5 1
6 -> 6 1
7 -> 7 1
8 -> 8 1
9 -> 9 1
Query 0 -> 0111110010000000001011011110101011 34
Representations
0 -> 212781070 17802373536789076233
1 -> 503276521 7788009042745118215
2 -> 2 1
3 -> 3 1
4 -> 4 1
5 -> 5 1
6 -> 6 1
7 -> 7 1
8 -> 8 1
9 -> 9 1
Query 1 -> 00101101011111000100001001111000000100000010 44
Representations
0 -> 269449506 10761390156761618448
1 -> 503276521 7788009042745118215
2 -> 2 1
3 -> 3 1
4 -> 4 1
5 -> 5 1
6 -> 6 1
7 -> 7 1
8 -> 8 1
9 -> 9 1
Query 0 -> 1110100011100011011010011 25
Representations
0 -> 269449506 10761390156761618448
1 -> 370251574 17125318337620572199
2 -> 2 1
3 -> 3 1
4 -> 4 1
5 -> 5 1
6 -> 6 1
7 -> 7 1
8 -> 8 1
9 -> 9 1
Query 0 -> 011010001110110110010111110100001011 36
Representations
0 -> 823657833 7641611050584333010
1 -> 370251574 17125318337620572199
2 -> 2 1
3 -> 3 1
4 -> 4 1
5 -> 5 1
6 -> 6 1
7 -> 7 1
8 -> 8 1
9 -> 9 1
Query 0 -> 1010010111010110010111111100011110110011010011011 49
Representations
0 -> 121640325 3603541719021981740
1 -> 370251574 17125318337620572199
2 -> 2 1
3 -> 3 1
4 -> 4 1
5 -> 5 1
6 -> 6 1
7 -> 7 1
8 -> 8 1
9 -> 9 1
Query 0 -> 0000110001000110110111110011100011111010010010 46
Representations
0 -> 173803729 10377776505038718934
1 -> 370251574 17125318337620572199
2 -> 2 1
3 -> 3 1
4 -> 4 1
5 -> 5 1
6 -> 6 1
7 -> 7 1
8 -> 8 1
9 -> 9 1
Query 1 -> 1000011110011000001110111011011110001->00011111110100110000111101010011011110001100100010 89
Representations
0 -> 65741696 5381882875038941115
1 -> 370251574 17125318337620572199
2 -> 2 1
3 -> 3 1
4 -> 4 1
5 -> 5 1
6 -> 6 1
7 -> 7 1
8 -> 8 1
9 -> 9 1
Query 1 -> 10001000011100001001010011010100101001001010100001 50
Representations
0 -> 65741696 5381882875038941115
1 -> 537821367 12297661433767482254
2 -> 2 1
3 -> 3 1
4 -> 4 1
5 -> 5 1
6 -> 6 1
7 -> 7 1
8 -> 8 1
9 -> 9 1
Query 0 -> 0010000011000110011100100100001100000000000111111 49
Representations
0 -> 65741696 5381882875038941115
1 -> 614583026 13112310819888753455
2 -> 2 1
3 -> 3 1
4 -> 4 1
5 -> 5 1
6 -> 6 1
7 -> 7 1
8 -> 8 1
9 -> 9 1
Query 0 -> 0111110010000000001011011110101011 34
Representations
0 -> 11446445 15478338336304152819
1 -> 614583026 13112310819888753455
2 -> 2 1
3 -> 3 1
4 -> 4 1
5 -> 5 1
6 -> 6 1
7 -> 7 1
8 -> 8 1
9 -> 9 1
Query 1 -> 00101101011111000100001001111000000100000010 44
Representations
0 -> 265173959 6425689738831064642
1 -> 614583026 13112310819888753455
2 -> 2 1
3 -> 3 1
4 -> 4 1
5 -> 5 1
6 -> 6 1
7 -> 7 1
8 -> 8 1
9 -> 9 1
Query 0 -> 1110100011100011011010011 25
Representations
0 -> 265173959 6425689738831064642
1 -> 434356164 9021281338646970133
2 -> 2 1
3 -> 3 1
4 -> 4 1
5 -> 5 1
6 -> 6 1
7 -> 7 1
8 -> 8 1
9 -> 9 1
Query 0 -> 011010001110110110010111110100001011 36
Representations
0 -> 529665110 12513085131103776764
1 -> 434356164 9021281338646970133
2 -> 2 1
3 -> 3 1
4 -> 4 1
5 -> 5 1
6 -> 6 1
7 -> 7 1
8 -> 8 1
9 -> 9 1
Query 0 -> 1010010111010110010111111100011110110011010011011 49
Representations
0 -> 120695352 11700107396408798564
1 -> 434356164 9021281338646970133
2 -> 2 1
3 -> 3 1
4 -> 4 1
5 -> 5 1
6 -> 6 1
7 -> 7 1
8 -> 8 1
9 -> 9 1
Query 0 -> 0000110001000110110111110011100011111010010010 46
Representations
0 -> 268830660 13325134774727934690
1 -> 434356164 9021281338646970133
2 -> 2 1
3 -> 3 1
4 -> 4 1
5 -> 5 1
6 -> 6 1
7 -> 7 1
8 -> 8 1
9 -> 9 1
Query 1 -> 1000011110011000001110111011011110001->00011111110100110000111101010011011110001100100010 89
Representations
0 -> 675123563 15905480617464917297
1 -> 434356164 9021281338646970133
2 -> 2 1
3 -> 3 1
4 -> 4 1
5 -> 5 1
6 -> 6 1
7 -> 7 1
8 -> 8 1
9 -> 9 1
Query 1 -> 10001000011100001001010011010100101001001010100001 50
Representations
0 -> 675123563 15905480617464917297
1 -> 592609322 15639234699318155832
2 -> 2 1
3 -> 3 1
4 -> 4 1
5 -> 5 1
6 -> 6 1
7 -> 7 1
8 -> 8 1
9 -> 9 1
Query 0 -> 0010000011000110011100100100001100000000000111111 49
Representations
0 -> 675123563 15905480617464917297
1 -> 79200333 15452107332656229143
2 -> 2 1
3 -> 3 1
4 -> 4 1
5 -> 5 1
6 -> 6 1
7 -> 7 1
8 -> 8 1
9 -> 9 1
Query 0 -> 0111110010000000001011011110101011 34
Representations
0 -> 681979633 14891324107132944525
1 -> 79200333 15452107332656229143
2 -> 2 1
3 -> 3 1
4 -> 4 1
5 -> 5 1
6 -> 6 1
7 -> 7 1
8 -> 8 1
9 -> 9 1
Query 1 -> 00101101011111000100001001111000000100000010 44
Representations
0 -> 755378669 17776244486258058724
1 -> 79200333 15452107332656229143
2 -> 2 1
3 -> 3 1
4 -> 4 1
5 -> 5 1
6 -> 6 1
7 -> 7 1
8 -> 8 1
9 -> 9 1
Query 0 -> 1110100011100011011010011 25
Representations
0 -> 755378669 17776244486258058724
1 -> 262196082 4774662835741416339
2 -> 2 1
3 -> 3 1
4 -> 4 1
5 -> 5 1
6 -> 6 1
7 -> 7 1
8 -> 8 1
9 -> 9 1
Query 0 -> 011010001110110110010111110100001011 36
Representations
0 -> 715227241 4129552017284752086
1 -> 262196082 4774662835741416339
2 -> 2 1
3 -> 3 1
4 -> 4 1
5 -> 5 1
6 -> 6 1
7 -> 7 1
8 -> 8 1
9 -> 9 1
Query 0 -> 1010010111010110010111111100011110110011010011011 49
Representations
0 -> 898176307 13992136401707947228
1 -> 262196082 4774662835741416339
2 -> 2 1
3 -> 3 1
4 -> 4 1
5 -> 5 1
6 -> 6 1
7 -> 7 1
8 -> 8 1
9 -> 9 1
Query 0 -> 0000110001000110110111110011100011111010010010 46
Representations
0 -> 53659080 3262107083083351950
1 -> 262196082 4774662835741416339
2 -> 2 1
3 -> 3 1
4 -> 4 1
5 -> 5 1
6 -> 6 1
7 -> 7 1
8 -> 8 1
9 -> 9 1
Query 1 -> 00011111110100110000111101010011011110001100100010 50
Representations
0 -> 804078690 378267395874154487
1 -> 262196082 4774662835741416339
2 -> 2 1
3 -> 3 1
4 -> 4 1
5 -> 5 1
6 -> 6 1
7 -> 7 1
8 -> 8 1
9 -> 9 1
605499900
