Query 1 -> 100001111001100000111011101101111000 36
Representations
0 -> 0 1
1 -> 1 1
2 -> 2 1
3 -> 3 1
4 -> 4 1
5 -> 5 1
6 -> 6 1
7 -> 7 1
8 -> 8 1
9 -> 9 1
Query 1 -> 100001111001100000111011101101111000 36
Representations
0 -> 0 1
1 -> 77552465 36
2 -> 2 1
3 -> 3 1
4 -> 4 1
5 -> 5 1
6 -> 6 1
7 -> 7 1
8 -> 8 1
9 -> 9 1
Query 1 -> 100001111001100000111011101101111000 36
Representations
0 -> 0 1
1 -> 474994907 701
2 -> 2 1
3 -> 3 1
4 -> 4 1
5 -> 5 1
6 -> 6 1
7 -> 7 1
8 -> 8 1
9 -> 9 1
Query 1 -> 100001111001100000111011101101111000 36
Representations
0 -> 0 1
1 -> 488841748 13336
2 -> 2 1
3 -> 3 1
4 -> 4 1
5 -> 5 1
6 -> 6 1
7 -> 7 1
8 -> 8 1
9 -> 9 1
Query 1 -> 100001111001100000111011101101111000 36
Representations
0 -> 0 1
1 -> 180564601 253401
2 -> 2 1
3 -> 3 1
4 -> 4 1
5 -> 5 1
6 -> 6 1
7 -> 7 1
8 -> 8 1
9 -> 9 1
Query 1 -> 10001000011100001001010011010100101001001010100001 50
Representations
0 -> 0 1
1 -> 438416867 4814636
2 -> 2 1
3 -> 3 1
4 -> 4 1
5 -> 5 1
6 -> 6 1
7 -> 7 1
8 -> 8 1
9 -> 9 1
Query 0 -> 0010000011000110011100100100001100000000000111111 49
Representations
0 -> 0 1
1 -> 410669983 91478115
2 -> 2 1
3 -> 3 1
4 -> 4 1
5 -> 5 1
6 -> 6 1
7 -> 7 1
8 -> 8 1
9 -> 9 1
Query 0 -> 0111110010000000001011011110101011 34
Representations
0 -> 20407415 1646606101
1 -> 410669983 91478115
2 -> 2 1
3 -> 3 1
4 -> 4 1
5 -> 5 1
6 -> 6 1
7 -> 7 1
8 -> 8 1
9 -> 9 1
Query 1 -> 00101101011111000100001001111000000100000010 44
Representations
0 -> 274518161 29547431672
1 -> 410669983 91478115
2 -> 2 1
3 -> 3 1
4 -> 4 1
5 -> 5 1
6 -> 6 1
7 -> 7 1
8 -> 8 1
9 -> 9 1
Query 0 -> 1110100011100011011010011 25
Representations
0 -> 274518161 29547431672
1 -> 803765353 799335783099
2 -> 2 1
3 -> 3 1
4 -> 4 1
5 -> 5 1
6 -> 6 1
7 -> 7 1
8 -> 8 1
9 -> 9 1
Query 0 -> 011010001110110110010111110100001011 36
Representations
0 -> 683156967 11515722711778
1 -> 803765353 799335783099
2 -> 2 1
3 -> 3 1
4 -> 4 1
5 -> 5 1
6 -> 6 1
7 -> 7 1
8 -> 8 1
9 -> 9 1
Query 0 -> 1010010111010110010111111100011110110011010011011 49
Representations
0 -> 845910831 200238279050428
1 -> 803765353 799335783099
2 -> 2 1
3 -> 3 1
4 -> 4 1
5 -> 5 1
6 -> 6 1
7 -> 7 1
8 -> 8 1
9 -> 9 1
Query 0 -> 0000110001000110110111110011100011111010010010 46
Representations
0 -> 552966720 3828507375451102
1 -> 803765353 799335783099
2 -> 2 1
3 -> 3 1
4 -> 4 1
5 -> 5 1
6 -> 6 1
7 -> 7 1
8 -> 8 1
9 -> 9 1
Query 1 -> 1000011110011000001110111011011110001->00011111110100110000111101010011011110001100100010 89
Representations
0 -> 536641610 88074054358386623
1 -> 803765353 799335783099
2 -> 2 1
3 -> 3 1
4 -> 4 1
5 -> 5 1
6 -> 6 1
7 -> 7 1
8 -> 8 1
9 -> 9 1
Query 1 -> 10001000011100001001010011010100101001001010100001 50
Representations
0 -> 536641610 88074054358386623
1 -> 106488442 3611073002434841394
2 -> 2 1
3 -> 3 1
4 -> 4 1
5 -> 5 1
6 -> 6 1
7 -> 7 1
8 -> 8 1
9 -> 9 1
Query 0 -> 0010000011000110011100100100001100000000000111111 49
Representations
0 -> 536641610 88074054358386623
1 -> 363654679 16000450510243316951
2 -> 2 1
3 -> 3 1
4 -> 4 1
5 -> 5 1
6 -> 6 1
7 -> 7 1
8 -> 8 1
9 -> 9 1
Query 0 -> 0111110010000000001011011110101011 34
Representations
0 -> 778739069 14037243763846416191
1 -> 363654679 16000450510243316951
2 -> 2 1
3 -> 3 1
4 -> 4 1
5 -> 5 1
6 -> 6 1
7 -> 7 1
8 -> 8 1
9 -> 9 1
Query 1 -> 00101101011111000100001001111000000100000010 44
Representations
0 -> 721852724 12578712669367569782
1 -> 363654679 16000450510243316951
2 -> 2 1
3 -> 3 1
4 -> 4 1
5 -> 5 1
6 -> 6 1
7 -> 7 1
8 -> 8 1
9 -> 9 1
Query 0 -> 1110100011100011011010011 25
Representations
0 -> 721852724 12578712669367569782
1 -> 409105742 2890346314645568953
2 -> 2 1
3 -> 3 1
4 -> 4 1
5 -> 5 1
6 -> 6 1
7 -> 7 1
8 -> 8 1
9 -> 9 1
Query 0 -> 011010001110110110010111110100001011 36
Representations
0 -> 690519901 12809991104695268400
1 -> 409105742 2890346314645568953
2 -> 2 1
3 -> 3 1
4 -> 4 1
5 -> 5 1
6 -> 6 1
7 -> 7 1
8 -> 8 1
9 -> 9 1
Query 0 -> 1010010111010110010111111100011110110011010011011 49
Representations
0 -> 682687831 4512366936101950836
1 -> 409105742 2890346314645568953
2 -> 2 1
3 -> 3 1
4 -> 4 1
5 -> 5 1
6 -> 6 1
7 -> 7 1
8 -> 8 1
9 -> 9 1
Query 0 -> 0000110001000110110111110011100011111010010010 46
Representations
0 -> 846413870 6424664561918169930
1 -> 409105742 2890346314645568953
2 -> 2 1
3 -> 3 1
4 -> 4 1
5 -> 5 1
6 -> 6 1
7 -> 7 1
8 -> 8 1
9 -> 9 1
Query 1 -> 1000011110011000001110111011011110001->00011111110100110000111101010011011110001100100010 89
Representations
0 -> 282249255 11331065350160926533
1 -> 409105742 2890346314645568953
2 -> 2 1
3 -> 3 1
4 -> 4 1
5 -> 5 1
6 -> 6 1
7 -> 7 1
8 -> 8 1
9 -> 9 1
Query 1 -> 10001000011100001001010011010100101001001010100001 50
Representations
0 -> 282249255 11331065350160926533
1 -> 532152254 7233799475883475276
2 -> 2 1
3 -> 3 1
4 -> 4 1
5 -> 5 1
6 -> 6 1
7 -> 7 1
8 -> 8 1
9 -> 9 1
Query 0 -> 0010000011000110011100100100001100000000000111111 49
Representations
0 -> 282249255 11331065350160926533
1 -> 228324295 9089869980326410751
2 -> 2 1
3 -> 3 1
4 -> 4 1
5 -> 5 1
6 -> 6 1
7 -> 7 1
8 -> 8 1
9 -> 9 1
Query 0 -> 0111110010000000001011011110101011 34
Representations
0 -> 109983354 16818595510706222409
1 -> 228324295 9089869980326410751
2 -> 2 1
3 -> 3 1
4 -> 4 1
5 -> 5 1
6 -> 6 1
7 -> 7 1
8 -> 8 1
9 -> 9 1
Query 1 -> 00101101011111000100001001111000000100000010 44
Representations
0 -> 560911072 16168799652235076552
1 -> 228324295 9089869980326410751
2 -> 2 1
3 -> 3 1
4 -> 4 1
5 -> 5 1
6 -> 6 1
7 -> 7 1
8 -> 8 1
9 -> 9 1
Query 0 -> 1110100011100011011010011 25
Representations
0 -> 560911072 16168799652235076552
1 -> 158891185 789569917190397959
2 -> 2 1
3 -> 3 1
4 -> 4 1
5 -> 5 1
6 -> 6 1
7 -> 7 1
8 -> 8 1
9 -> 9 1
Query 0 -> 011010001110110110010111110100001011 36
Representations
0 -> 629861165 4443334278155897338
1 -> 158891185 789569917190397959
2 -> 2 1
3 -> 3 1
4 -> 4 1
5 -> 5 1
6 -> 6 1
7 -> 7 1
8 -> 8 1
9 -> 9 1
Query 0 -> 1010010111010110010111111100011110110011010011011 49
Representations
0 -> 739254600 13097770499464110124
1 -> 158891185 789569917190397959
2 -> 2 1
3 -> 3 1
4 -> 4 1
5 -> 5 1
6 -> 6 1
7 -> 7 1
8 -> 8 1
9 -> 9 1
Query 0 -> 0000110001000110110111110011100011111010010010 46
Representations
0 -> 429384876 14290319973596308502
1 -> 158891185 789569917190397959
2 -> 2 1
3 -> 3 1
4 -> 4 1
5 -> 5 1
6 -> 6 1
7 -> 7 1
8 -> 8 1
9 -> 9 1
Query 1 -> 1000011110011000001110111011011110001->00011111110100110000111101010011011110001100100010 89
Representations
0 -> 98158095 14796074161322319515
1 -> 158891185 789569917190397959
2 -> 2 1
3 -> 3 1
4 -> 4 1
5 -> 5 1
6 -> 6 1
7 -> 7 1
8 -> 8 1
9 -> 9 1
Query 1 -> 10001000011100001001010011010100101001001010100001 50
Representations
0 -> 98158095 14796074161322319515
1 -> 435817722 15769958303143618582
2 -> 2 1
3 -> 3 1
4 -> 4 1
5 -> 5 1
6 -> 6 1
7 -> 7 1
8 -> 8 1
9 -> 9 1
Query 0 -> 0010000011000110011100100100001100000000000111111 49
Representations
0 -> 98158095 14796074161322319515
1 -> 829242346 1990999738629041767
2 -> 2 1
3 -> 3 1
4 -> 4 1
5 -> 5 1
6 -> 6 1
7 -> 7 1
8 -> 8 1
9 -> 9 1
Query 0 -> 0111110010000000001011011110101011 34
Representations
0 -> 242304413 14900948379866314755
1 -> 829242346 1990999738629041767
2 -> 2 1
3 -> 3 1
4 -> 4 1
5 -> 5 1
6 -> 6 1
7 -> 7 1
8 -> 8 1
9 -> 9 1
Query 1 -> 00101101011111000100001001111000000100000010 44
Representations
0 -> 837222384 10461956908777786634
1 -> 829242346 1990999738629041767
2 -> 2 1
3 -> 3 1
4 -> 4 1
5 -> 5 1
6 -> 6 1
7 -> 7 1
8 -> 8 1
9 -> 9 1
Query 0 -> 1110100011100011011010011 25
Representations
0 -> 837222384 10461956908777786634
1 -> 956079986 2725182840631571685
2 -> 2 1
3 -> 3 1
4 -> 4 1
5 -> 5 1
6 -> 6 1
7 -> 7 1
8 -> 8 1
9 -> 9 1
Query 0 -> 011010001110110110010111110100001011 36
Representations
0 -> 458992660 5660133175721243636
1 -> 956079986 2725182840631571685
2 -> 2 1
3 -> 3 1
4 -> 4 1
5 -> 5 1
6 -> 6 1
7 -> 7 1
8 -> 8 1
9 -> 9 1
Query 0 -> 1010010111010110010111111100011110110011010011011 49
Representations
0 -> 102802990 15938579108204470564
1 -> 956079986 2725182840631571685
2 -> 2 1
3 -> 3 1
4 -> 4 1
5 -> 5 1
6 -> 6 1
7 -> 7 1
8 -> 8 1
9 -> 9 1
Query 0 -> 0000110001000110110111110011100011111010010010 46
Representations
0 -> 212278822 15653606800641058946
1 -> 956079986 2725182840631571685
2 -> 2 1
3 -> 3 1
4 -> 4 1
5 -> 5 1
6 -> 6 1
7 -> 7 1
8 -> 8 1
9 -> 9 1
Query 1 -> 1000011110011000001110111011011110001->00011111110100110000111101010011011110001100100010 89
Representations
0 -> 989258977 16883792127660368961
1 -> 956079986 2725182840631571685
2 -> 2 1
3 -> 3 1
4 -> 4 1
5 -> 5 1
6 -> 6 1
7 -> 7 1
8 -> 8 1
9 -> 9 1
Query 1 -> 10001000011100001001010011010100101001001010100001 50
Representations
0 -> 989258977 16883792127660368961
1 -> 415149045 5937148664202121104
2 -> 2 1
3 -> 3 1
4 -> 4 1
5 -> 5 1
6 -> 6 1
7 -> 7 1
8 -> 8 1
9 -> 9 1
Query 0 -> 0010000011000110011100100100001100000000000111111 49
Representations
0 -> 989258977 16883792127660368961
1 -> 16985606 9014082071186983823
2 -> 2 1
3 -> 3 1
4 -> 4 1
5 -> 5 1
6 -> 6 1
7 -> 7 1
8 -> 8 1
9 -> 9 1
Query 0 -> 0111110010000000001011011110101011 34
Representations
0 -> 570901299 3121502511583736813
1 -> 16985606 9014082071186983823
2 -> 2 1
3 -> 3 1
4 -> 4 1
5 -> 5 1
6 -> 6 1
7 -> 7 1
8 -> 8 1
9 -> 9 1
Query 1 -> 00101101011111000100001001111000000100000010 44
Representations
0 -> 140955905 3390753096297183036
1 -> 16985606 9014082071186983823
2 -> 2 1
3 -> 3 1
4 -> 4 1
5 -> 5 1
6 -> 6 1
7 -> 7 1
8 -> 8 1
9 -> 9 1
Query 0 -> 1110100011100011011010011 25
Representations
0 -> 140955905 3390753096297183036
1 -> 532243329 4982055851978495955
2 -> 2 1
3 -> 3 1
4 -> 4 1
5 -> 5 1
6 -> 6 1
7 -> 7 1
8 -> 8 1
9 -> 9 1
Query 0 -> 011010001110110110010111110100001011 36
Representations
0 -> 228701110 14813345618420198686
1 -> 532243329 4982055851978495955
2 -> 2 1
3 -> 3 1
4 -> 4 1
5 -> 5 1
6 -> 6 1
7 -> 7 1
8 -> 8 1
9 -> 9 1
Query 0 -> 1010010111010110010111111100011110110011010011011 49
Representations
0 -> 678243844 4613253607521168988
1 -> 532243329 4982055851978495955
2 -> 2 1
3 -> 3 1
4 -> 4 1
5 -> 5 1
6 -> 6 1
7 -> 7 1
8 -> 8 1
9 -> 9 1
Query 0 -> 0000110001000110110111110011100011111010010010 46
Representations
0 -> 597089886 15752565217742470030
1 -> 532243329 4982055851978495955
2 -> 2 1
3 -> 3 1
4 -> 4 1
5 -> 5 1
6 -> 6 1
7 -> 7 1
8 -> 8 1
9 -> 9 1
Query 1 -> 00011111110100110000111101010011011110001100100010 50
Representations
0 -> 436550471 15727682760843427255
1 -> 532243329 4982055851978495955
2 -> 2 1
3 -> 3 1
4 -> 4 1
5 -> 5 1
6 -> 6 1
7 -> 7 1
8 -> 8 1
9 -> 9 1
910173673
