100.00
10.78
65.98 659.96
44.74 447.41
54.99 550.43
95.88 958.97
49.00 489.91
87.03 870.89
13.21 132.25
13.75 138.25
22.84 229.05
40.38 404.54
47.66 477.22
8.61 86.05
0.56 6.15
67.68 677.64
14.81 148.83
75.16 752.45
57.75 577.85
52.60 526.13
13.98 139.94
68.74 687.95
3.11 31.92
88.11 881.59
20.84 208.44
10.97 110.32
42.01 420.50
50.65 507.23
73.54 735.90
1.38 14.19
32.02 320.96
57.61 576.86
24.53 245.85
93.12 931.82
59.80 598.81
26.05 260.95
98.38 983.92
15.46 155.10
88.69 887.75
80.31 803.59
17.26 172.80
52.45 525.00
54.82 549.12
76.52 765.46
87.00 870.48
6.91 69.33
13.05 131.16
41.66 417.28
52.86 529.26
12.02 120.99
58.91 589.05
45.58 456.07
69.22 693.11
69.60 696.08
78.16 782.34
52.06 521.33
42.88 429.17
25.01 250.15
1.36 13.59
19.41 194.06
42.14 421.90
11.37 114.21
64.37 644.57
45.84 458.37
83.75 838.29
19.44 194.55
0.12 1.30
79.15 791.56
37.68 377.10
77.74 777.65
16.61 166.17
37.23 372.47
14.23 142.71
49.41 494.50
33.43 334.95
9.26 93.30
21.03 210.29
80.00 800.04
81.92 820.03
32.14 322.34
5.41 54.68
52.02 520.22
93.34 933.89
63.54 635.52
20.76 208.48
31.28 313.37
27.82 278.37
96.42 964.12
80.63 806.45
11.07 110.66
20.13 201.21
85.34 853.81
89.83 899.01
88.10 881.23
43.46 434.98
79.95 799.55
67.15 671.50
26.89 269.52
18.65 186.70
85.79 858.37
97.78 978.24
97.69 977.33
