120 7024 8879 475 9015 2821 426 1259 9947 3378 1799 6291 9097 8151 5516 3217 1151 2470 1424 762 1473 8334 5936 4541 2117 5893 2850 3690 9516 7064 5013 1043 3959 9381 87 9076 2826 6271 4747 458 34 1177 3045 2960 9591 6336 2344 6102 3555 3016 1228 9689 7792 5407 2689 8665 6760 2731 1625 6525 1092 4126 1278 4530 1486 7042 6312 2473 6603 3920 3610 7562 3211 9852 7255 8585 9879 3297 319 4905 9449 1852 2851 4586 7079 1275 8795 4004 8736 2613 7059 3616 3776 3477 4765 4626 1830 3983 1730 6901 5904 5987 2394 3465 3916 4726 7174 275 8941 8685 3029 7276 9185 5034 394 5652 5940 2944 5377 5196 5679
111 574 7837 5331 4440 7850 6403 5841 1658 6860 8052 2896 3952 8209 595 2912 1438 5573 8489 1217 304 6378 8658 5113 2879 8701 8305 8586 2511 9126 7054 4987 1846 3572 9165 116 7093 4014 7050 802 5712 6562 3904 3086 5447 6057 361 3632 6155 1986 8775 6779 9575 9823 209 5289 2714 1461 7715 7419 7358 1678 8454 9202 4867 4835 6050 6852 4181 6039 9597 544 1222 624 7600 2720 1142 6463 2801 6822 1153 495 7450 52 2320 9085 3762 5414 6683 5529 217 3957 8349 4179 1595 1481 895 1632 3977 8062 9648 5104 703 8987 8721 3915 8527 9917 6132 37 2316 5132
126 699 2328 181 1822 851 5419 1335 9028 7021 3466 2288 6064 9509 1924 6131 6412 2813 8767 7341 5621 4400 2559 5965 9141 6111 6991 6864 2937 9629 8343 8893 398 4715 2431 6826 9922 8465 6365 7083 9555 6842 9782 1580 2567 5022 7286 3639 744 4113 123 6694 4302 1322 2005 6029 3705 2400 6932 65 3456 8005 538 6347 1735 6427 3191 5819 3230 3228 5750 9889 58 833 5146 4366 9892 925 4791 9571 754 2758 357 3437 2774 5054 3349 9499 5052 9669 4858 2308 7567 3693 9340 8627 8933 7568 8361 3128 9654 3862 2298 7213 8397 429 6812 8156 8284 6330 7613 5418 478 2410 7732 5401 2196 4649 2501 2283 6987 4385 6892 6454 241 8664 3684
115 6373 3895 384 1299 1715 8026 2557 8075 2543 5405 345 7009 4223 1175 5135 6727 4059 5238 262 8218 338 6204 9351 4085 3062 2360 5395 2432 270 6952 4342 7598 9706 7321 2828 1773 959 5157 7501 6925 9740 4620 1970 2517 3541 5307 4295 5027 1429 2999 6036 2916 3121 8133 6418 7246 8885 9009 9933 3702 4632 8168 9726 6401 7533 8069 6843 1706 7874 5194 4309 4768 8677 5646 6674 6280 5765 2348 8972 2209 8405 9529 3716 2915 2617 194 2926 3584 3740 8861 5539 3410 4065 882 2212 2167 4773 2963 5804 8644 6004 2120 4392 4546 7090 9543 6175 4460 5770 4583 559 4456 938 331 7166
114 3545 7401 9559 1981 9754 9278 7385 8511 8249 5163 5498 5661 7196 3850 2709 1573 3276 1378 6905 7428 4820 5754 8749 8356 5732 4151 4804 1959 4312 2938 3552 30 6295 3463 3886 9646 1182 4444 2524 4633 8205 885 9707 1315 3521 792 1700 5168 4989 817 9053 4099 6831 861 3382 8573 3934 4054 3997 9921 8739 8699 8092 9500 7394 570 3758 8867 2489 2754 994 3571 2527 4834 6303 7909 8008 5308 4092 2836 8636 2710 865 9078 9235 3687 5220 7198 3064 7787 1890 9116 9427 3859 1690 6570 6251 1936 6256 9069 4499 8727 3243 7920 3192 317 3210 3082 2808 7867 3999 2337 2008 6784
110 5037 8687 2144 1394 4162 6896 6980 9237 8519 8746 5497 1515 894 8593 5924 6496 1502 9512 7656 2128 6181 9832 8292 3589 6167 9190 8985 8238 2871 9052 2692 9744 5193 7340 3937 9803 7496 7510 3933 9790 4758 3289 8979 9888 3013 135 6510 3947 6653 937 5665 1252 2949 7936 5380 5534 9302 3781 1701 3727 9936 6569 7418 261 1606 4202 7678 3714 4266 7661 9651 4330 2325 7660 8245 7653 8107 1268 5596 2181 4728 3823 3514 4134 3938 6147 8631 6574 265 5487 5075 5902 830 9928 7866 6786 6453 1627 8219 2833 4600 3468 4672 1691 4911 2890 6094 9523 6960 6375
130 4131 6066 5352 8592 4924 3023 7223 5626 8646 9029 8105 5776 3286 3590 2610 5424 757 6187 3699 6627 892 7003 125 76 1630 1037 6362 4925 3368 323 5504 9129 7871 7106 704 8348 2978 4806 8083 9528 3635 6224 4096 4484 9539 3623 4486 5464 9182 7681 7293 6106 7736 7721 9118 5622 5603 911 7978 4965 4033 5610 2488 3594 5421 2747 6123 7875 9556 4639 1030 5178 5552 1927 9897 4453 9036 178 5108 8063 1103 5680 7741 7349 6765 8688 6966 5689 5594 9149 197 3978 3773 8419 8239 5234 2235 3563 1682 5055 5786 1746 127 5463 7752 9864 9846 2875 9991 6178 9157 3166 3939 4238 8467 7464 1206 365 7437 6577 132 2679 5225 4189 3532 8561 1277 694 6753 9531
119 2355 1755 1159 3821 204 3759 4861 4833 7722 8565 2727 5731 7466 433 2582 5789 411 4536 9209 8211 4298 801 5844 326 1990 5087 5867 5669 5364 587 7902 1896 8251 9084 6817 1555 7734 8993 406 1947 9680 115 4671 8731 7258 9128 6544 2007 4129 6060 8486 4049 1237 7746 3954 3637 321 6361 4926 4412 8771 7096 444 9244 3079 5885 9285 3994 8741 3173 1567 8261 9453 4235 8192 51 4402 1241 4648 7997 291 8474 296 7043 674 4377 9067 9329 7448 2855 604 1213 3524 4974 7922 6526 7122 9722 5476 3060 8204 7006 6053 7798 7362 5714 4207 3194 4397 1743 4127 8304 1747 3712 1681 3928 5482 649 5982
116 9213 1221 9315 9843 2342 9239 2215 5620 4200 363 9781 7408 388 5109 1068 9584 2793 3227 8502 9355 682 6498 1051 6686 6820 664 5920 249 2767 7476 6331 2194 6408 149 6911 1738 701 6364 2796 9146 7789 8692 9666 8837 5886 600 238 3936 4659 2811 3869 1455 3038 1289 4286 4646 226 4611 3090 6941 1454 3731 5634 9791 6511 8675 4155 5341 8629 533 7183 1613 6889 877 347 5350 8006 2909 3734 4195 2782 6684 5248 8250 6791 7888 6225 2717 2934 5412 6891 4150 6008 324 6353 8057 1116 4628 2340 5050 6868 1976 6586 7832 2942 2497 2495 8596 1431 2378 4938 2172 2868 2101 8167 9388
121 7706 5738 6232 9081 244 6342 7260 3295 69 5952 2507 4103 1999 7433 402 2973 7068 7891 9324 5250 6381 6188 2998 57 7804 6260 8533 6857 8233 732 4847 8174 2922 3485 3010 5098 6778 5905 4046 9580 7591 7919 1478 6101 5887 1829 4948 7044 9987 5650 5088 7795 1201 2068 6087 3790 7170 7458 8512 6547 3747 2551 4024 6546 3362 9386 7345 987 8887 9601 1518 9330 8435 215 234 3801 2174 6617 6238 3106 7791 738 7164 438 656 9973 6660 6986 3522 188 7705 6676 3425 5617 4635 3871 6235 4465 5639 9583 6598 6897 680 3255 4985 1942 2121 6808 1521 2736 1119 7596 8149 5592 4702 4417 8868 6360 9660 106 1321
113 5439 7472 971 9176 6662 9907 9877 9426 8001 9946 6881 9045 4614 8546 9000 6705 2353 42 7332 8158 6326 2173 2711 9954 2911 4786 4921 7189 2119 9150 2581 3638 5149 8724 7711 2413 2063 4501 8628 6201 227 8529 8924 3827 2307 5842 5585 4363 4104 5172 6887 1523 9775 8246 4566 103 1905 8508 4432 3030 4696 8365 18 1556 880 8560 5112 9960 1615 1761 6409 7204 5136 1440 4849 638 2178 3342 5318 6771 9918 2441 3076 4011 5968 838 853 9842 3486 6647 589 519 3219 9008 5340 1503 4300 8043 3652 4494 8177 2529 8990 6795 5360 6508 565 5763 5903 2891 6981 6262 1882
117 7329 4327 1165 1611 9375 8697 1969 8131 1005 7254 455 1408 5928 35 7770 6210 3717 803 254 6025 6904 5522 5992 371 8696 6512 8468 1033 7811 5095 1650 7447 4874 7718 493 7941 7331 3282 7904 3602 5604 6374 2313 2186 3765 3713 5823 2901 9352 1838 1472 7305 7894 4771 6103 3205 7564 3196 3081 4934 7434 955 3051 583 8528 557 1164 230 1881 8567 9844 9275 4178 7118 2950 5877 8193 7268 447 8195 4110 7256 162 597 1084 2345 687 8319 2232 4957 5284 7606 1507 9510 9359 4029 375 9687 8626 6385 652 5462 5277 5709 8643 9750 9959 3293 1506 663 6731 6761 5375 908 8098 8047 2946
117 9035 6996 3321 6410 9384 5600 569 548 4878 6316 7825 442 6861 4345 8517 5311 6738 6030 1483 3498 4843 26 3955 2087 9574 2583 4205 2969 7325 5051 5870 1420 1492 764 418 4416 5560 834 2349 1848 6855 2259 3237 6534 9955 1742 1570 3501 2164 2568 8464 3441 1576 5614 2677 5671 7475 2491 6978 6495 2521 9962 3965 6128 8090 3487 7728 933 6142 7819 5930 1384 4132 3894 7191 8587 3406 6774 3882 5443 8145 1191 9667 6294 3891 5768 1146 3944 7011 2286 1361 1685 1054 953 7806 932 2493 7566 7836 553 130 8860 5757 2886 3124 7776 8230 8600 84 6717 9953 166 1711 3568 8614 8939 3491
118 4217 6772 526 6704 8085 946 1026 942 8707 5408 807 2516 3887 7889 3071 2223 7840 7034 576 811 55 369 1806 6554 8146 1860 965 2941 2033 6751 4443 5494 1233 6002 3397 3646 4528 3564 1318 8679 7421 2370 8790 9168 8496 2981 1624 6183 3528 1212 9590 1446 6043 6037 2006 5171 6965 4864 7282 1603 1741 5015 8295 6011 9777 4036 2396 3476 3890 6764 4809 9981 540 3943 6632 7755 6819 5989 9245 1516 5889 7248 2606 7372 471 8698 7939 582 4296 3803 8147 5335 6823 750 693 7144 6671 5406 1152 9553 2064 9700 5212 7546 2611 7813 2992 6514 2127 1139 1188 7868 7572 421 6579 8453 8591 4483
118 1546 641 8303 8728 5913 424 320 7004 531 5801 1132 4598 5879 4218 6928 2919 1258 4369 9990 289 8377 7316 4040 6803 1531 5698 6077 3789 4939 958 8851 3447 2382 1416 6233 8635 4043 847 1784 3095 860 6995 5345 2021 3188 7311 1708 1765 3791 6156 3906 6606 4605 9441 876 2820 5734 7701 3344 9578 7807 7016 2984 2046 9397 207 4889 7745 6746 4851 9107 6926 4960 9868 5540 6520 7801 1812 3359 1987 8458 6506 3247 2409 9114 5588 886 8275 3049 5835 8622 7303 4244 11 4798 8066 1526 7855 2093 5244 3428 3595 7839 2249 6665 1983 3185 5049 8564 758 8104 2755 9269 3248 1600 1675 9306 2332
117 640 268 4951 7337 8072 1482 5910 2674 6884 8034 9075 4709 6770 9169 6358 7590 1670 2602 3772 5831 6006 992 4622 9819 86 7253 2783 7092 4941 3650 1381 4513 1365 1098 7597 5480 8820 8293 6557 2707 654 8436 1370 513 9350 2940 312 4514 2287 6492 4584 9368 6304 53 6485 5291 951 1423 9505 4148 8369 2139 4008 6575 9342 1842 3182 5832 8763 3892 573 1413 336 6615 3391 8539 3962 3674 1031 5158 2935 2652 6425 7107 5017 1006 4653 8322 4984 7575 1781 543 8309 1432 844 7297 443 5084 4391 5125 5428 1931 7284 2371 4722 5862 4203 3547 7167 7696 989 1652 1107 492 9950 1129 6875
128 2036 6626 6687 5210 5769 3312 6718 5827 7844 6699 1113 1903 7784 5618 3786 6505 628 9949 881 6555 8332 3496 3911 5091 765 5079 72 1974 8973 7823 7664 3696 7563 5730 4003 5948 6711 644 1554 1504 3083 1785 1786 9675 9880 39 3389 555 8762 314 1474 1794 5469 7265 6369 318 884 2616 3799 6856 1418 7592 7245 8004 3633 1707 5123 2305 7280 733 7055 7790 8216 9367 8967 1582 9421 1950 786 2444 6634 4923 3483 9814 4083 8945 9480 6909 5606 9515 2445 6933 8194 7375 8756 4718 2749 8372 8999 8058 9224 4121 1687 6113 4344 9961 7102 2256 3675 3600 7074 6302 9402 2635 2267 3757 3497 1300 5535 9747 4399 9349 1085 2116 2682 9007 3861 5070
116 4525 629 2379 6589 7175 8100 8060 3305 5118 3026 2986 1790 8482 3809 4694 8946 6282 6621 9331 1577 9994 1684 6174 5859 9984 242 2658 9037 791 4124 5065 9557 5378 2622 6435 9760 8276 6934 9142 2841 5716 9812 7007 4969 7762 6920 8747 7089 8036 5507 8155 6041 9066 370 8986 4915 9379 7076 9838 4415 5383 7619 6429 2290 5897 4679 6827 6582 7505 2953 9420 1962 3361 9833 7935 5839 8568 5117 6583 1194 541 4108 9325 1014 4477 12 3153 2904 9255 8653 661 1788 6649 8916 3440 3365 3327 6422 5912 5702 8835 8723 5101 8200 8962 1897 3533 6775 91 7644 2203 2818 4593 1807 2569 4260
112 4479 9041 3889 9143 2785 4355 8426 9458 8927 499 6350 1249 787 9018 9793 8651 1287 6001 354 9385 8604 9232 6125 609 5387 3784 8096 9604 9144 9807 6032 4562 9432 4595 1210 6007 5918 2106 8163 1940 3274 8965 3614 1009 67 3479 9070 1949 9415 6721 4307 8370 7671 3770 4608 3414 8827 3656 3418 8897 8823 9589 9212 9068 5548 7742 6576 1061 1238 3424 1195 3576 3593 9346 2837 7129 8661 5282 2860 1448 9338 2968 6095 8404 3807 5226 7918 8542 5452 9333 4964 1363 6682 3137 6185 3513 8347 8774 4498 8715 8832 7543 4274 2777 5625 1407 307 89 1010 7128 8438 3865
110 6796 4958 8759 6691 7897 7911 7088 2318 59 6180 1817 9299 5435 8642 4388 8921 2293 9688 8943 3729 2533 6835 8178 8070 9911 2421 1770 2703 684 8314 3310 2482 1645 4204 776 4367 5511 1529 1677 9554 8274 5337 6973 2255 3054 29 9457 5430 2089 9951 8716 2653 3118 9681 996 1339 6273 9011 3031 3808 1104 5170 8630 1138 5975 6931 7569 1445 4841 4306 3909 1170 1967 38 8918 5637 397 1764 9406 8390 4246 5076 2718 2742 1158 75 152 1290 190 2870 1732 515 5090 7976 9952 5069 2175 8013 4703 4604 9407 8242 1869 8579 2640 7417 7958 7930 2591 6069
116 4609 4928 8201 2060 6089 3367 3009 789 4109 823 655 4279 9729 9872 9357 1991 2887 4631 8099 6818 3546 1748 5305 5935 1372 879 5000 6811 9941 5217 9372 2987 5515 7700 7295 8659 767 677 7727 8171 4089 20 9243 9849 1257 8154 9576 3193 1046 7545 3512 5735 3261 5448 6179 8877 4082 9719 8737 7688 518 9130 5094 2250 1248 7928 8693 8190 9796 155 8331 5394 3958 4475 8272 4413 7554 2386 5636 4888 623 9455 356 272 6462 6083 8208 9887 7215 9320 8547 3375 9932 1641 551 315 6084 8689 7071 2269 1189 4380 9627 8613 33 3833 1745 9840 6100 1399 7749 71 3945 5843 264 6293
102 3503 1900 590 8574 5422 8327 5713 2797 360 759 3579 5259 5041 168 8244 185 5080 9058 4828 5399 5370 7486 3377 1200 9565 4071 1340 6209 5438 940 6309 7251 376 232 5564 3542 9908 8050 3818 6257 3706 7507 568 2768 572 1020 3697 8639 1536 8742 303 816 9992 6146 9327 979 1220 5999 2185 1022 6067 2522 8488 8500 9780 7474 6719 4872 9496 6824 4288 5785 6407 7759 9059 5857 4390 3583 1101 4431 7879 8497 5367 4476 7979 221 7750 9856 2367 9503 7398 9220 4319 1402 8262 9370 1060 9537 9851 5909 2852 9904
109 7766 5286 5710 5264 6047 3427 8181 4730 4208 3631 3578 9071 3822 6482 1065 4840 2500 3881 6141 3072 9538 9490 9692 5357 7247 7216 3835 9253 9321 9859 864 7098 5441 8153 1935 901 2389 7758 5455 7917 85 2967 9631 5475 5159 2802 3942 8711 813 8389 8894 9860 8431 4182 2334 3314 1593 5198 9884 218 5538 9123 5471 798 1495 1599 4755 2980 4214 6501 3648 6283 6480 1824 2693 3204 4977 4782 3055 8455 1923 8023 3003 8115 6207 83 7478 5638 6484 6277 9670 9686 7185 8857 5432 7482 6629 4055 1591 8900 8330 3509 927 4520 1934 3718 673 7120 126
112 5649 5582 5174 7637 3912 4311 1229 8132 9401 2588 2865 6092 1929 1575 3733 6449 9433 7827 3372 5152 7645 7617 48 888 464 3316 9113 2381 5366 3207 3941 1041 1304 3304 9766 3618 4558 2058 7587 8236 2055 8018 9425 3960 9290 2225 1954 4009 3559 2041 3605 1828 7672 4650 1622 6714 9411 9046 7915 3184 328 3974 9223 7842 2806 8633 5404 4554 6252 1421 2070 258 7365 3039 5908 863 5728 2326 1147 3922 5141 8280 2951 4610 6780 1789 6383 5256 8532 5247 5029 3719 7439 4133 7323 8920 479 9369 2509 1434 5934 5760 9905 8345 3771 5391 6258 5860 2239 7964 8997 564
122 3102 6448 4084 4336 1772 5122 4529 9640 1288 9546 6109 8355 1342 6565 5409 5319 3617 6354 7108 7062 1048 6193 7679 1558 4290 1246 4458 1636 2263 7905 4686 3703 5245 907 1089 5799 9429 1080 4971 9696 3105 5602 7264 3028 9484 9442 2125 1459 5898 8196 9939 8903 970 3041 9376 599 1683 9172 9497 3763 7465 350 4943 9749 5692 1371 5445 7002 4778 1655 825 4407 6970 3507 2791 5875 4304 195 7852 648 8366 2822 3535 82 6729 3433 1841 3828 5718 9567 8041 3187 658 3540 7999 4079 7714 2506 2372 6715 1356 9481 7895 4735 1594 439 3518 4882 3511 3426 7493 4139 5492 1909 64 9956 4819 6580 1196 7965 2480 6431
108 4733 2375 3949 3899 7310 9769 7966 2061 3875 1514 3754 6755 788 7020 1187 2786 2107 7627 9454 3394 5467 6600 4518 8806 2515 1898 8403 4900 7782 5437 6430 2312 6468 5526 6000 3767 1697 6840 5861 3174 8317 6754 1559 2809 5544 368 5231 1163 3104 1698 6070 8740 8325 9051 668 4446 4746 5359 8088 3298 870 9813 7211 8966 585 7141 3324 5206 8373 5472 6910 4301 4427 216 6706 3223 5851 7719 4770 3544 7608 9901 4754 1612 9363 1180 78 9504 9492 9047 7314 3832 977 96 3131 1642 7665 1820 4857 5527 5426 8299 6298 7763 8611 8958 436 7376
120 7481 4259 7241 5066 4743 2282 7743 2248 7017 5783 9969 5495 8462 1604 9659 5706 666 5820 3753 482 8923 6372 4087 6363 5137 9064 1667 1428 4027 8682 4340 6524 4853 9774 4478 3745 8937 6689 5477 3452 3325 1891 5077 3201 9857 1589 2067 2451 2514 1106 1123 3910 9853 6124 5268 3558 9798 4459 4886 2954 3880 8382 500 1953 452 7929 463 2462 2436 5021 6059 9276 283 306 1007 4468 8480 9544 2888 1308 450 5868 5767 8197 142 7056 8589 4531 3813 9594 6742 7240 8563 4581 5300 6515 6985 1875 3721 4517 9971 7236 5417 501 6802 5253 6357 8702 7415 2346 2073 1409 9080 1400 7985 6343 5315 4591 5958 1465
109 2636 8460 7558 7351 8674 4169 3873 5493 7201 1176 4278 419 9382 1034 2572 3178 3888 9526 9704 225 672 6720 7797 6442 4488 1549 7197 5490 5262 109 2129 5856 1167 5398 859 6052 7499 636 5481 5061 7786 5410 9855 9456 6984 6594 9697 4359 3329 9090 9131 5829 9748 5532 2848 2760 7824 9487 4455 2150 596 5542 8915 6663 5280 4681 9875 5775 5858 5623 9112 6474 9643 8825 4276 6244 7212 7669 7831 5960 3566 50 4893 6894 9474 549 2900 4577 7667 4025 4394 7983 8766 5945 5821 4184 2770 8447 1965 496 4986 2108 6114 6082 4187 2252 6230 4973 4916
114 7035 7638 2778 7339 2601 147 1148 1021 1487 3455 6596 3075 4308 3307 3331 5963 8787 1207 5737 364 4328 9208 1948 2315 8853 1501 5071 1293 1425 7583 9205 5523 1753 7751 9362 1047 4775 9152 3317 1926 9221 3660 7663 8662 5995 5153 4256 4176 6088 5453 3782 9914 6521 6340 9673 6614 4039 7033 3290 4146 9460 8865 3096 5227 8308 6701 4212 3661 5747 752 8607 9392 299 6800 8551 1058 6736 4697 2654 74 5664 4305 1204 9056 8112 4081 858 8227 5023 7585 3659 5864 145 7735 3379 5531 5415 1619 5876 902 4704 8362 5030 9795 4575 403 3338 1122 7998 3645 7794 8807 5134 1508
124 8053 9598 7488 4776 7781 4222 8744 27 9746 2864 9799 2310 8550 6020 5881 219 8108 7327 8376 6416 676 8678 8954 3385 484 6107 1484 6135 2272 2019 9734 7498 9366 2494 2190 5849 3502 6288 271 8812 6344 3814 2390 3222 8089 9779 6056 5002 2165 855 7829 6115 2443 8656 104 1102 4950 9530 7104 2952 4524 6637 7184 5545 2799 6866 2424 3436 968 5329 6954 4251 6608 4871 7025 3686 4497 1845 7490 9206 5627 9527 4268 6229 7876 3811 7626 9472 9082 9297 9599 4437 4837 4551 114 1359 4914 6990 1966 343 6870 7477 9061 756 290 9684 7731 4114 5382 739 7925 1724 4904 4505 9690 4580 2800 1932 8983 7765 5496 3147 2035 8811
126 9274 7377 6231 8091 808 7294 25 3924 223 6157 1469 1728 7906 1327 3630 3113 969 521 770 8952 5966 2115 8732 9003 5155 5907 6396 4690 8854 6636 3608 9885 683 9595 2343 9296 4384 381 2233 4106 2535 8761 2565 3795 1354 401 6651 8121 5275 7457 9468 4535 8282 6250 3435 4461 6297 8793 4154 7230 2142 7161 2716 14 3788 7363 7480 2385 729 3393 6610 2902 9834 7913 434 1202 9162 391 1560 1885 407 4959 3556 4220 4433 3176 6643 2357 136 771 9815 9745 2154 1884 1324 9373 3451 9644 3408 4111 2683 4006 9896 8598 1868 1133 4338 7992 6481 2110 6253 5279 4865 1863 3780 2651 8995 2079 5083 9077 2570 231 3469 9461 6584 625
94 9934 6528 437 9462 9390 269 3249 4785 1904 8160 2675 9319 3134 7010 9513 1795 2638 878 8666 5402 2131 3866 1227 6379 3033 8290 4831 4673 8866 4568 5589 9621 6264 1610 4842 7126 3019 4787 5667 9876 9772 7686 2499 3061 2296 1376 1760 7975 8909 9256 2047 3432 6781 6436 1316 298 7761 5068 1270 3446 5351 6096 3170 8505 7692 3573 1345 9626 2162 6239 9980 741 2359 8051 4254 8935 8559 3094 8310 617 7767 2184 1731 6854 5043 2074 2104 7716 6461 8363 1907 5347 2048 9983
121 8655 6640 2001 8217 7703 1016 818 3245 9642 8081 4563 8287 9895 7618 7632 5690 8214 3471 6956 6491 3303 4866 4406 7673 465 6169 3449 7266 1668 6377 4544 2311 2418 8947 6421 5906 7993 9778 8847 9225 6476 2077 2539 2584 7780 3224 4424 1629 4883 1943 7039 1004 4723 4930 692 7869 2304 2214 8441 5834 7015 4428 4876 2966 606 8395 1893 1797 2924 6460 8120 8383 6951 40 520 6848 383 9240 6420 1302 5263 2417 3159 134 9717 3581 5944 4689 9811 9387 3070 2842 8910 6437 1925 1723 3737 6017 8123 3269 7012 1099 1036 2745 1801 5549 3548 5922 874 2251 6325 1952 1961 7883 999 1355 2080 3606 8386 6809 4668
118 3701 711 3300 1245 910 5888 9938 6076 2642 2781 8555 7463 5208 2000 571 165 3742 7355 2761 5931 9252 675 5686 8037 2970 5230 7367 5267 7504 6266 2604 176 4664 524 9222 1485 61 7257 1395 6735 5089 4688 4272 872 1752 2253 9784 2947 3640 327 4738 4783 9393 395 1513 3287 2846 3462 2040 2726 3666 9010 5682 2626 8898 1550 1436 5567 3672 3691 7112 3989 5961 2563 400 2324 2377 263 8535 4875 9136 3777 8231 5524 9839 9702 8401 9246 3110 967 7508 4794 1539 5565 9027 7655 3905 8552 1930 6154 2889 6793 1306 6243 2869 2825 2906 2111 5295 7530 7972 2847 962 4480 1049 6899 8481 5791
115 3311 5390 453 3755 4982 2014 821 1644 3200 5723 905 1490 8720 4116 2354 5822 9830 723 316 6937 2011 6184 2844 5016 8493 5078 4662 4504 4890 8162 1114 5666 7219 2814 7740 2258 1776 7628 3841 7473 1121 1183 198 2562 2807 1374 9507 2149 4237 6664 9298 4830 3820 6767 810 2368 9685 4066 5413 6927 9230 7304 7511 8667 7322 1307 2994 8578 5814 8597 4022 3658 8959 4966 5175 939 3885 6218 6370 5203 1751 3838 2823 8074 3480 9645 2685 7130 7369 2831 2057 7346 9903 700 6467 8815 7125 6027 5866 6285 8800 5518 9682 5781 9965 5468 9108 7658 9825 2929 5148 2649 8638 4335 1451
113 5063 88 1855 99 9229 8215 9494 1871 3470 4023 5766 5388 4373 46 1012 5643 5668 5389 9292 4145 6104 281 9199 9148 3347 5598 6334 2673 2192 1739 1694 1035 639 4171 6040 9271 9436 4756 2508 1676 7313 4035 923 8510 5460 3190 1027 405 7324 6710 2502 4080 4166 3557 9026 3819 5838 9927 8340 3252 414 6168 6828 3527 466 3239 688 1858 2170 9847 9445 4351 8507 9470 7725 7503 202 1569 5470 2199 7379 9418 2112 4975 1247 1854 916 6560 1208 8350 1466 3214 2362 4191 7914 2787 9582 5099 9870 6388 8463 4142 2429 4894 8904 7853 7863 2943 8984 7138 9405 6516 6013
120 5199 3088 1184 129 3651 2632 8926 2974 2752 9789 3421 5914 7986 3515 4881 2737 8109 5097 1347 8338 5411 8595 2009 9014 5233 6447 1766 5984 8838 2725 9354 7070 236 3032 9466 9364 1311 9978 2878 6019 7643 1804 9724 5025 255 448 8082 2037 144 4749 3510 1659 1563 9588 2329 5697 5878 3387 5396 6086 9674 3856 7898 1989 4243 2596 9874 1218 1069 7854 2083 7066 7841 5 2681 167 8566 3726 9389 9403 608 1917 3264 7195 3785 8449 348 4284 9043 5216 9966 7988 2648 2254 7470 5145 8503 5232 7426 8706 3284 208 734 2526 7615 9592 9995 4698 790 5925 3756 6538 542 1336 9758 1837 2179 4981 9931 1541
126 5895 5255 8996 6478 8138 3065 2388 2096 5863 1547 2704 1294 9979 2200 2546 6221 9452 3346 7708 1548 2277 1584 6310 4845 278 302 9423 8054 2552 1387 1015 4936 489 3826 8797 2050 3769 5916 566 9596 6397 4245 6825 7584 1253 1467 5780 6917 9311 300 2211 9414 9817 4379 7865 1643 3642 3653 412 1443 5581 6494 7926 9865 1813 9800 1798 8708 2525 5825 8260 8031 9752 6432 1377 1251 1680 782 6473 6351 8883 6798 10 5325 7556 9657 4935 2750 2468 3403 5926 9845 4940 9451 8974 9797 8571 8291 7045 169 7989 9521 841 7359 6085 451 3373 5488 1276 3913 3149 9050 1620 981 8113 7524 618 4491 3986 4863 7680 3413 239 7620 6661 3025
120 814 3439 7754 9705 3830 1003 6655 3115 2137 3330 3396 7817 9552 4236 4638 3263 4439 3626 2479 4543 8690 1873 3874 6922 681 4781 4395 3783 1661 586 8368 6090 8135 3914 5701 5911 2247 3494 1174 1497 4612 7029 6982 1285 2571 6597 5126 6553 9909 3195 7336 7134 4147 3925 2157 6873 8683 469 4579 2440 6137 2657 2187 7119 934 3168 2615 4570 1456 322 7991 4467 2549 9341 6299 1267 4090 6618 8577 4343 1908 709 6678 3460 9824 1734 163 3735 4414 2177 9181 5579 5724 1816 4774 7000 9820 6675 8483 5869 4175 8543 947 9065 6300 3565 1586 6387 3854 8919 1091 2734 4149 6402 1156 6949 535 6265 4994 5736
124 6605 8650 410 8224 1880 5200 1198 1412 2094 6112 1592 1782 5140 7432 245 6455 7446 1017 9560 4708 3434 5502 1634 9958 3326 2856 527 8448 7131 4933 9759 4368 9822 5571 7595 393 3244 9334 3725 3353 6787 8064 8619 6391 9062 4068 8300 581 8087 7513 9633 2579 3008 8353 7713 4961 9898 4194 7445 3525 9167 4922 7640 7413 497 5423 9520 9328 7773 9335 9679 8021 8672 9614 6428 9443 7956 7443 3526 8936 5648 3140 5010 107 3189 3973 8875 7647 3671 6320 8000 146 8456 6324 3619 102 3258 2505 9828 24 5114 567 3000 1346 4069 9658 7452 972 9231 2537 3825 2600 3234 7077 5317 1127 3665 9602 9326 3902 8976 5733 616 7172
121 8285 982 7862 7859 5773 6144 7899 9716 9072 413 9216 904 9250 9207 6863 6591 7652 7896 8491 2030 8876 173 5536 8850 4815 9786 3464 3221 2015 1596 6376 8111 5309 3516 5338 8056 9024 8407 7634 8341 9424 5807 2487 1380 2012 5953 7217 1462 603 9916 836 5191 7402 7994 2858 3749 8514 5459 285 5177 9105 7188 8420 3250 1825 7744 4331 5115 1951 1125 7399 1296 9498 3543 7373 7949 8118 7534 3420 4999 5192 2659 9242 9989 5509 1055 8718 2003 2741 140 7333 4383 6489 1025 670 1877 4695 5144 5583 3860 1095 9968 5758 6766 9698 5164 7360 16 7544 1214 5067 7816 1441 4838 2580 4812 3971 7058 4174 6539 2918
115 5616 9836 9400 6368 1849 485 7861 1872 7730 4502 8103 8384 2838 427 8645 193 2927 5988 2455 6688 2991 4013 6212 7462 7799 900 5197 727 4627 4273 7635 4451 6237 5302 158 6858 7237 7352 4349 2746 1341 2138 9322 9193 7040 8367 9294 4297 5486 9361 2275 9488 1956 4019 2140 9549 9808 6994 8033 9712 4629 5749 8859 3035 7115 1329 5064 2698 8791 883 9203 5386 2097 9963 3864 4637 5676 213 5272 1240 4140 36 1980 5520 156 9218 5288 6652 3351 7887 3908 6337 5228 5711 714 250 7646 2322 2678 214 2114 6631 6504 8548 6837 1689 3956 7209 891 5752 5647 9251 1899 4753 6541
120 8518 8841 7299 9742 9883 3919 635 8257 3058 8884 1390 6268 7137 537 7205 7848 8142 3961 4654 2898 4519 3089 2219 2401 715 2708 4602 6654 6898 1640 8027 4937 852 2207 5751 1310 6696 4358 4215 8673 90 60 6549 1774 528 1605 7221 9188 6838 3267 5485 914 7423 6332 8476 6150 7651 456 1771 4193 6130 2457 1756 7252 2198 7239 1437 6281 8378 6158 9428 5129 3381 9054 301 2284 657 6136 1832 3271 6356 4474 516 2603 5951 422 5306 5677 4701 5261 6783 5236 3073 9093 9804 8770 8110 768 6164 7393 5550 7440 1433 8152 9282 4545 2490 839 637 6127 2504 3709 6841 7950 4592 7698 4376 8618 6741 7582
126 5694 4425 2384 7397 4408 5320 2696 4991 9937 4032 5508 6642 2054 3711 9383 9236 7075 7880 1330 1977 8516 8648 3620 1230 2458 4291 5792 9861 138 2188 3318 6049 4160 1422 3872 2358 5346 906 2897 5161 3663 7318 7422 8170 2303 5797 9280 5722 3592 7748 6081 6038 1358 2038 2475 1491 7588 1534 6788 3577 9982 9550 1581 2449 5047 4255 8252 468 4088 2817 3612 712 8371 184 7605 8159 7962 8364 7335 1242 9715 9619 6389 6776 9412 9040 7796 3607 7429 425 6882 3177 9450 7087 4736 4797 7518 5336 1856 5330 8789 273 6958 498 2023 409 1831 4800 2764 1284 4320 3099 1489 7105 9636 8881 3068 3197 4860 9637 1157 6907 5434 8002 68 6883
116 5954 1059 1168 6259 8968 9473 1136 6457 2892 2474 3366 3946 2335 5700 7932 5949 3490 6022 8380 8773 4534 4817 1435 6145 1654 5833 325 4224 8978 2430 5901 1669 182 8068 2031 9378 4510 547 9261 3165 2103 3179 6208 5580 3964 9313 7536 5005 8911 9483 8782 2839 8014 3662 3761 6196 3858 9620 6947 5429 9943 5028 4454 6846 9891 8263 4942 3698 8359 3376 8735 4979 5530 6625 4553 9293 2512 5358 3130 4687 7182 1918 3760 5039 9998 4537 9217 9736 7262 1477 502 4360 5890 2356 2699 9478 6308 9869 2092 7273 1906 613 3146 7449 9042 1783 9365 9187 9291 6777 2180 8870 9119 7709 5397 7830
122 8669 5239 1205 6023 3597 522 3160 3736 7381 6748 161 5056 351 6679 494 8019 8442 7283 2095 2483 6613 6522 1810 3930 4125 3348 2740 9091 8161 6097 8410 2639 2002 8873 2609 2477 5283 5085 5018 4682 1562 8610 9180 831 4077 6315 8025 2519 3171 4389 6012 177 6572 9031 2623 5184 7063 5853 3212 131 8969 2853 3967 5894 6216 21 5721 755 3774 6556 4321 5343 7271 3151 4713 897 6867 6977 7960 2168 7168 5845 9708 9459 5082 1535 2631 8908 4549 6352 1537 3253 4725 6404 6192 1648 7542 1476 1796 1081 1013 1401 7955 4892 4676 3007 8834 4947 6950 3053 4198 9711 3993 6118 358 9770 4777 7371 973 3337 5128 1714
114 1895 4651 7760 2893 4640 5219 7319 4418 3395 5607 8358 9662 344 477 3898 8612 1368 3692 7244 6446 4386 1850 8207 2411 7181 6073 3689 1100 1818 7565 1001 5705 7052 2042 7142 3927 9156 1725 4177 7344 7677 2416 1957 7238 3817 2627 8717 8136 5608 8144 3360 4539 2147 1544 3870 9486 3066 4165 2695 2105 594 8357 6550 6713 8049 9100 2347 935 3288 9525 4556 7013 3388 5252 3098 4692 774 9923 8572 5541 2331 8427 6601 7625 9410 4757 8234 1360 3710 7220 4265 9618 3604 5991 5810 1283 4980 3966 6865 1460 2321 6604 713 3752 9094 5026 4398 6531 7733 4161 961 2641 8301 3015
115 180 4585 3982 5201 5187 6439 6509 5847 651 1111 5151 4188 3199 6955 9664 1427 7694 7165 5993 5743 1040 7435 1835 2339 7884 2306 5707 9137 6593 9534 6983 8289 871 6850 6063 9295 5696 1468 6567 4569 294 3669 9761 8680 3655 5207 4219 8312 8621 9773 2289 2220 9672 5093 826 3751 1172 1282 7818 8757 647 5813 6756 7682 950 8734 6916 7512 7460 9714 9175 5004 9178 4094 6878 32 1528 7484 7847 1975 2566 6227 2907 2706 3341 3280 7712 2163 6065 8710 6656 9542 210 1525 9259 4037 9159 6433 1637 3580 775 2762 4906 5753 9551 1019 5605 4879 5899 5356 7177 7967 7328 1224 4064
127 9609 6335 1674 4744 8035 2933 7611 2542 2292 1488 2721 5281 9408 224 3021 7270 6456 9247 7849 2977 964 5784 2464 8738 3117 6834 615 4616 470 2592 6789 4026 346 8694 2854 2849 2690 1821 5537 2972 5956 9493 9021 7519 988 9268 6161 2541 9358 117 7702 8581 4270 2723 1874 2687 4167 7674 2210 8139 8286 7453 5124 1530 4555 8777 4122 3225 8695 909 9826 5994 1819 9535 751 8297 1883 2027 719 4324 1272 4247 3621 8446 4000 3950 3840 7136 717 621 9264 1292 1750 3805 2049 6548 6423 4674 8540 4761 7779 7060 6668 2877 5373 2599 6440 9173 4227 6009 2738 8725 3157 7858 1985 2773 1109 4705 5727 748 2427 7912 1094 5957 3815 1712 9177
118 793 6194 5959 8554 7084 525 7506 2669 4678 9739 4636 2661 3741 8268 3926 2291 1996 3551 8814 4098 848 3256 5962 1090 133 4492 3903 9573 1922 6278 2784 3921 56 9924 2670 3853 7497 5273 359 3508 4047 8046 3473 8016 3484 1729 4062 1105 1574 6443 1505 4485 7959 4956 1480 70 4435 8434 1571 1145 7594 462 7387 3037 9476 80 5121 8760 9272 7570 9677 9464 6348 4463 2705 9191 2230 8994 4387 2928 4685 1203 154 4318 5947 6948 9634 9802 5162 372 7330 2643 6806 7455 9022 9034 2995 6055 5790 920 8977 985 1710 8288 8413 4172 8266 4823 2883 5778 1128 5973 1393 9098 267 896 4552 1097
114 7479 8624 8466 9339 5294 6392 6830 4515 7616 598 1857 9650 5815 4732 2191 9593 8878 2217 6545 4264 546 5837 1865 7969 9713 7065 6641 3816 4262 3567 8829 8381 8457 2297 631 1211 9801 6306 4073 5678 101 8169 2135 8141 3156 4790 8855 1671 7438 4527 832 2299 4315 1154 8320 1471 5674 4647 8351 9996 5798 7193 6110 9200 5313 3678 2302 2100 6211 3647 3091 8998 5872 3357 8165 8443 1647 8608 7412 4813 990 8130 9446 8928 6267 3208 7631 9986 2160 5059 0 7208 8899 4625 2769 2593 3855 382 2985 7586 7539 5880 7756 1082 4793 9289 49 1665 2408 4017 5684 552 9977 1223
126 5451 6912 5543 3844 4050 3340 1914 2832 3400 2772 1587 157 3238 4526 686 7250 2273 2090 8660 5816 79 8237 7308 9683 3111 1919 2414 1419 2540 3488 7559 6464 743 3430 8336 4799 6757 2634 6558 8039 1768 4429 7224 1185 1939 2834 6829 4511 3732 2415 4972 7629 4623 2169 9006 4105 1063 2459 2412 7768 1350 9226 1056 8333 7234 7140 8733 2397 9587 4186 8617 9344 3836 4655 3554 7537 7190 8583 8609 9312 8537 1767 355 4751 3537 998 6054 7133 6424 2595 2776 6319 8902 7901 1261 5787 6692 7187 4164 1179 3112 8842 4641 9434 4213 4967 8615 2794 772 6382 5446 8059 7348 3495 2988 15 550 2812 9508 4814 7326 6888 2399 4684 7347 2496
121 7287 966 2448 4341 6821 5818 3467 3057 4720 4450 5458 7200 3416 9566 4642 7022 5235 2743 7551 7573 2553 2171 4462 2383 7541 233 113 8925 7334 6666 5333 8010 3538 7156 3996 6170 7290 1704 8858 5593 2644 5577 749 8414 8073 22 5033 441 8038 3126 630 6151 6730 8700 92 4594 5978 4978 2930 9044 2779 5986 9837 73 7014 8524 93 2816 171 508 4192 4495 9139 9281 6044 9848 5215 480 505 2237 362 3893 8896 4810 3392 4234 8616 3144 7528 5116 9829 2739 8296 799 986 669 235 7207 8942 192 4796 6804 2088 718 2146 7163 7267 4048 5454 5119 3014 9902 1141 9260 4962 8562 1579 2018 8126 7803 4403
111 7030 7176 6895 7307 6639 2361 4885 253 6005 4365 4496 5444 4316 7726 1045 8799 5932 9873 2234 404 9942 4769 2730 4354 1805 2498 9948 5972 247 110 7001 3988 978 2013 976 3213 3883 2294 3724 5923 9467 1814 632 7685 6529 340 7395 4138 4442 6844 7173 4185 6078 5293 2276 4452 4258 2463 5657 2270 5748 1457 2376 4249 1155 3839 9988 4091 9792 4466 6936 1286 9676 7202 4381 4426 6563 151 8663 7086 6274 1076 5609 2976 4503 1032 7361 6533 4012 2684 3203 6138 7693 6395 2323 3796 4919 3935 5169 1666 8676 7082 3417 9233 4615 4007 2274 5981 4590 6465 3405
114 7080 2756 5362 9737 4630 9586 1941 8709 660 4226 1912 510 506 9438 2393 9562 6452 4464 2959 7109 5874 6620 6953 2486 6205 5166 2556 5850 731 2081 6716 2975 2530 1344 9656 7892 5826 8671 175 6877 9353 9806 1578 2921 7100 8418 9219 1703 2020 335 6672 5919 913 3585 8703 3570 6564 2633 1876 8819 5659 4135 4560 4257 6964 7091 9323 1695 1404 7980 4559 2646 5764 8856 7388 7302 9999 5205 2819 3569 2804 5854 9086 8267 828 3320 5974 5285 8892 1749 7764 2955 5188 1298 7111 6658 9234 5265 3806 4532 4353 1439 1144 5327 4267 8385 8944 3215 952 5173 1533 866 7235 7961
118 5297 873 5020 392 9395 6763 5195 9854 284 9197 4970 7623 9419 349 4538 3001 8077 4661 8253 7996 6836 8765 1938 3743 5915 794 9377 2338 3794 4848 8328 7277 7846 5321 2126 9430 6139 3929 6434 4326 4588 206 5400 1173 9308 5795 7934 2792 887 8212 9132 8188 7622 5513 7670 8818 1733 6975 532 47 5630 4163 5107 5332 3092 4051 9345 6026 7808 777 9678 2218 795 5156 4617 4410 6940 8953 3879 869 6202 8335 8964 6832 7526 4253 7451 4371 6126 7924 6807 6750 7231 2043 2956 5933 2751 279 1754 7491 6206 9794 2612 2872 9703 1209 5354 5361 9214 8473 707 1588 3668 4493 8344 3499 4707 420
118 474 6487 835 9585 5806 2532 1181 4976 746 8411 7380 94 5555 622 2867 6093 4574 4997 9606 9625 5316 4596 6685 3804 7963 6333 7210 6411 259 3155 1762 1886 7495 9940 4523 6623 1362 3829 6503 8185 9835 8704 3006 3738 6992 7881 4995 556 7416 1545 3048 2996 8472 1585 2260 5127 8726 760 1050 9920 6939 9906 2598 5566 7078 2265 6160 8509 6633 2574 8213 8752 1317 3800 44 1263 5073 5759 7788 1717 7149 5941 1840 2485 1074 662 9117 196 6290 4618 5292 9254 1512 3370 7872 867 9161 6543 6426 9579 6667 889 7406 23 4158 602 251 8423 6988 6794 4683 2656 3683 7291 7800 490 386 6191
119 8298 4102 222 6117 2585 6198 8323 5204 3444 3266 1053 5182 5855 8258 4589 8183 1192 6166 8784 8164 97 7127 3917 6186 9074 9577 8279 7442 5224 1692 6739 9332 4364 9310 6318 2091 1024 5782 6585 7810 9668 9915 4101 3940 8901 1867 8440 1367 3262 4993 4913 9174 3229 840 246 8989 7523 1802 8175 2923 2827 3308 9166 9725 7642 9970 4807 4582 6568 2668 9396 9444 3478 9532 2193 5559 287 1312 8324 806 9925 8437 4752 6542 6792 2735 7971 9632 6314 2148 8786 8346 9890 5211 6747 6121 417 9850 3442 4548 5011 2158 9862 6415 5977 3220 1426 4665 6758 1510 5053 2664 1124 4803 4097 8649 2452 2594 3489
109 6971 745 7370 1389 5218 3624 6959 2075 282 6989 643 2022 3422 1375 2733 1494 8632 4619 153 9919 1500 8895 8822 575 9957 7386 7467 1561 124 472 1225 9491 1044 4020 2881 8982 8255 3299 3141 3764 5633 4130 8451 6414 6269 4891 1320 2205 174 6915 815 5725 4643 4180 5576 5323 8 8180 7471 2456 3857 4792 3364 8691 6530 2402 8011 1568 561 7940 387 297 4824 2666 164 6635 8495 1215 7243 2903 1255 4196 7338 6845 5896 6015 9012 2650 6607 228 3837 1566 1499 5007 6900 3374 736 8772 4206 2979 9032 2665 9266 5326 3852 5640 6390 6338 4337
115 710 2132 5756 8950 1843 7691 6307 1385 9701 2660 3846 7845 2843 5142 5660 1369 9435 2051 5615 416 8862 4634 922 3018 9731 6552 6566 408 2098 2351 846 2403 6944 3122 5379 5299 2931 1572 6292 1135 1888 5314 2715 4372 6561 5699 2426 8316 5103 3797 797 8134 4706 4877 9622 539 1973 983 8504 3423 2425 3657 3169 6417 7957 9733 8228 1590 1075 1273 1140 6263 9431 4873 1662 3715 191 1853 2406 1618 3475 4745 4500 5202 8273 7031 4233 2236 8833 3275 7095 843 6890 2587 5165 6475 6773 612 237 4348 6707 7987 4303 3445 5436 8513 1968 8831 995 7364 2301 4901 2780 9641 1902
120 3345 5260 2597 6785 8166 7281 5658 1775 4533 121 3681 7229 3688 5045 9155 1565 2538 5298 827 6099 6801 5663 1190 5672 5384 6466 3335 5133 1757 5510 5742 7192 1543 5138 5243 4764 2405 9502 2213 4826 4292 4822 3100 1910 6441 3278 3539 8311 6472 6602 9561 5547 9238 4382 7152 2404 8477 7699 3472 7226 7947 1601 8836 875 5242 9976 9974 8580 8845 7048 3673 3766 6929 1995 17 2647 8905 3812 4854 1226 8379 9506 725 3052 3596 4072 3080 1475 7822 6732 1234 9653 819 3108 1527 4658 7047 9518 7431 8045 8961 1338 2206 6967 912 4832 8095 128 6165 5693 6815 7400 4470 5181 7085 1984 948 5276 6477 5517
119 6814 2835 3868 6490 1417 2242 7612 8781 100 5996 7641 4117 8076 3004 2434 2476 5420 7814 9 6458 6849 8848 2882 2373 5214 4449 1693 8129 7114 7614 2620 7404 5512 4968 4183 9693 2544 5865 6518 9215 6768 5042 7350 5461 1598 2467 1699 3730 6366 7073 7296 8400 2133 4760 8830 9608 6199 2775 5100 2759 3236 1256 1663 7970 2271 6051 2010 7515 1532 7522 7771 6470 8906 3301 2032 4250 2671 380 6523 5741 3980 1673 2925 9133 4929 4323 4691 4572 8556 646 8686 7607 8681 6075 8428 917 2763 6450 385 7560 8584 8553 3036 7288 5569 6599 7116 7954 9060 9764 6997 240 2645 9624 7094 6279 6195 4805 7186
107 5003 6394 7391 8729 7306 7461 6695 9910 4021 1291 975 5096 6697 5130 6105 6197 7374 7815 2466 3313 8084 2227 4506 2447 4903 7772 3259 1540 9563 8780 6419 1651 4168 6893 2026 3216 3120 1937 3968 112 3270 5561 5500 9265 8354 5755 8042 8106 9721 3847 9189 5572 4438 4932 8955 2123 9120 9305 820 4128 9893 1236 4767 8444 4422 1982 5726 7038 8886 2161 1383 6399 697 1778 3802 9997 5440 2369 5024 8065 7538 8808 6908 7724 1096 5334 7973 6108 3677 6240 7113 1864 7124 3412 7036 4230 205 3158 5556 1002 111 8007 4375 341 9134 1117 9017
110 2578 6010 829 6203 6074 9115 4992 1705 6611 1861 4953 2885 4918 7864 8394 4856 1391 9371 708 1314 1120 9831 6345 4232 8821 9767 8093 7436 3279 4716 6946 2136 6499 9511 5601 6851 9479 4356 2829 6595 4275 3101 3161 8498 3246 4657 2084 7775 9004 7737 6974 9301 6182 5393 6327 3206 7561 7654 7843 5139 3493 6072 1430 7579 7206 6797 330 3627 3474 4231 2625 4031 2859 8991 2702 6413 4156 9196 3334 4954 4325 8459 8541 8122 6871 8684 4741 7927 8576 379 7580 2341 7312 179 19 9827 2624 1887 1597 487 7676 3529 8844 9605 2845 7320 5719 4457 2824 593
116 1405 1646 9318 7301 5828 8374 3027 3851 8283 2795 3354 5744 2862 7517 921 2238 3877 2997 4374 9374 8032 3981 6859 2454 5917 3453 2072 4712 1444 3778 980 6287 9025 1343 5102 529 8929 7968 837 5568 716 924 6367 7835 6581 3775 5353 7218 4070 9581 8422 486 8326 9106 8803 2803 3457 9821 9138 943 4482 1406 8522 6286 6241 9087 9083 4603 4827 4473 9257 2577 8798 4910 6942 5796 8917 9652 5081 7710 8067 7317 3750 8594 4141 7857 6816 1115 5840 849 9195 7169 523 5478 6500 2352 5031 3932 1382 7633 6226 5240 8187 3067 8452 5695 8223 8637 5921 9765 5595 8641 5873 3897 6024 1057
113 9964 4076 779 4487 8022 3409 2204 1553 8557 4472 6644 5032 7953 4436 8816 678 8525 3398 6045 5465 7886 9380 95 558 9249 186 5817 8176 4714 3587 5278 1280 9316 2336 8487 139 8337 1551 6042 6317 367 8494 592 2590 4042 4119 8802 9805 8243 4542 9878 6930 7717 6519 7873 2240 3085 2608 626 1679 1496 6559 7425 6444 6272 5967 77 6590 4370 2550 7158 5812 3323 252 8769 4261 277 3649 9283 1702 3848 7893 7261 8116 1349 7160 957 2442 4240 9309 1493 1803 3 3787 1 796 9317 3044 7199 3798 9023 4120 3294 8313 9612 4801 7581 7527 9735 5456 5771 4095 8748
119 2281 9124 2712 5296 4123 8417 8839 1232 1239 5143 5355 5969 2789 3296 6513 2945 7774 7601 9568 6979 903 3728 7259 220 2492 6021 8864 4136 6799 5578 2317 66 691 2753 4846 3482 423 4855 6874 7856 3285 1364 2398 6725 8951 1958 4717 6200 6270 563 5074 3336 2278 353 7456 4190 8930 9347 5344 8888 1759 428 6479 5597 3654 7008 4898 7910 9967 5506 4209 1070 4199 1260 415 1522 8575 352 1911 3273 1231 7132 334 6143 4396 2471 3461 3530 8302 1067 8429 5491 2469 2085 4112 5241 120 2395 9121 5628 2948 1470 8980 5884 6708 31 5624 2016 5301 8484 1992 3707 3202 1889 1744 6935 1305 6058 9743
114 9818 8863 6242 2017 1088 5927 8055 7578 2439 2201 1351 5179 3198 5180 1633 6469 8809 7396 6214 8424 4565 601 295 3991 9248 7521 562 726 8199 3242 6740 5501 5554 6921 2672 578 3884 3232 8393 9079 7494 2391 2076 6976 7657 5048 9755 2078 3438 9623 7977 9002 2939 8277 3093 9610 8531 1353 6068 7720 5160 8172 5303 4100 2663 3231 8198 2914 3328 8922 9057 5105 432 2453 6033 1326 6098 8048 7135 7162 288 1617 8044 2895 1265 9881 9287 6215 6234 5979 5685 3050 591 9867 1323 5651 5365 3739 1066 4836 1274 7427 1366 5739 467 634 8874 2676 7636 1250 4221 5266 9720 1052
115 6248 2245 9099 8003 6359 7203 1609 4211 7154 9055 1779 9649 9547 5014 4907 3972 7389 3384 706 2788 9227 6677 4772 7870 7171 2309 893 5057 5970 3768 5185 7227 6673 5997 9413 930 2884 1301 605 3150 5012 8499 7695 8157 5270 9762 3979 5971 6578 3723 7942 6728 3634 2876 1112 5946 339 7576 8173 5632 2438 6398 1379 6255 3063 9972 3419 7081 6517 890 1450 619 3129 6245 2531 7666 3792 1161 2910 5521 6532 6220 4564 8956 5964 4030 9210 6305 1118 6163 257 7984 3143 9439 8960 7225 3402 2510 705 1334 9894 7502 1721 7649 781 3283 4779 2222 4173 293 1348 8009 1319 3500 2102
105 8852 4561 4734 7353 2724 7826 1960 9092 2244 2560 8934 2757 2589 1709 7392 9448 1137 1920 4107 1686 4420 1787 5673 6502 7411 2099 7946 2066 276 6313 9184 9336 6693 3401 1131 2880 9019 7180 7943 476 1458 5036 8102 2024 8714 6702 8318 4115 3399 5376 4808 8948 4350 3241 665 8086 1297 6080 7037 7179 1193 2586 4430 1839 274 6938 3679 2993 9569 1178 5427 9211 3975 6116 3992 7274 8080 8388 8450 4401 4576 1913 2044 4010 449 4859 8601 3598 8409 2176 6612 1463 1621 2333 7041 6471 5653 6963 3415 4870 440 8758 9404 5484 3355
102 3281 9768 3969 3074 4063 3536 9089 3603 5715 696 7444 7878 2029 6048 4839 7026 6650 4280 8545 7535 8024 9514 9356 1656 1916 3356 7704 3948 5257 2688 4990 7046 1542 459 3404 8544 6400 8281 5929 5681 4750 7981 8788 4897 2513 5546 4239 1264 8471 8570 8526 1411 9201 6536 1583 800 3591 5772 3339 8657 4287 8588 2614 4748 2766 3017 9154 7675 1331 7343 3553 3034 4899 7441 5154 721 1792 6957 5489 9788 3226 3744 2113 5892 7459 753 5717 8399 5955 4825 1635 1062 9160 5120 3700 3746 6177 9900 5186 4118 2039 3907
118 1971 2124 919 3172 1392 8768 1827 6149 7540 9699 2231 9993 2894 4763 3332 9863 1520 2857 3390 949 1479 8785 9639 8071 1511 4909 5190 2713 8264 6648 1945 1993 1269 3810 5612 3107 3116 4421 7821 2605 1398 491 9192 1998 4074 3322 5998 611 899 6813 5106 8430 5310 8235 292 5324 3358 6247 6918 2961 511 2246 8485 4927 1449 9718 7851 9600 6540 3024 3613 1108 4540 3876 5882 1894 4228 6003 7974 4700 3431 7933 6152 4481 2971 3343 6386 9522 6628 9409 8992 5269 5131 1143 2065 9930 3995 8602 8339 6782 9348 6810 7547 1271 3109 4963 536 2728 6284 1453 6486 8186 2637 2423 7945 4045 7574 3163
113 7747 9663 9194 2899 1808 8271 2380 431 8872 4721 7723 8140 4666 256 2166 8222 2151 8259 118 3139 8569 8719 6393 747 2261 1978 1079 3629 9975 6046 667 5060 6681 8914 8232 9477 8125 9270 9787 1039 7882 243 2555 9482 4675 650 4313 1878 517 7454 1313 8776 6571 7121 2045 4159 7292 9929 4346 8640 509 6657 8801 5223 9416 5563 2534 9303 8668 7683 3369 2295 7995 4573 1758 3987 3561 1042 2156 9263 5385 9738 9127 7123 2840 3664 4902 4061 614 945 6969 6698 8796 8940 3292 5802 2655 1199 3040 8017 4652 6872 9279 2982 43 8521 534 3162 8891 2118 9545 503 6236
114 5044 9063 9730 7272 3136 4912 7103 9841 2189 5557 4509 9935 8523 45 3970 6690 3183 9926 8247 148 1281 4521 1149 3042 8975 8398 2266 4333 5883 8220 7500 488 2478 1447 4078 7101 9475 4516 310 1083 9437 6619 7549 6903 1791 7057 3450 1160 5086 9343 9647 2257 8439 1866 9465 685 805 2964 7903 9617 9524 7 6723 280 1718 679 9267 2159 3704 6488 2082 5613 3534 6669 2697 7624 9866 7783 7553 7378 761 4571 28 4908 4052 5761 9394 3371 1979 7778 5584 7099 6438 5287 2629 6886 8971 4917 1944 6630 3601 4034 1171 4322 4952 1972 8479 1064 3077 9039 1722 2300 6275 1915
121 4015 2350 2195 8536 473 1086 212 6749 3900 7648 785 742 8416 1093 7944 6733 607 2052 1077 4880 1963 7532 1823 9763 5746 2965 918 7885 3481 1793 5392 4931 8329 862 5349 7923 5254 9611 3186 6745 9469 804 4547 4357 2667 2365 4884 659 5369 5009 8229 333 8490 6573 2366 9183 3350 9570 1464 2428 1126 4852 7356 2866 2518 545 2920 2700 9360 8981 8020 740 8792 984 9102 2071 9665 8203 8871 3560 2314 941 3574 7769 1295 3265 2264 373 4998 769 2145 2069 342 2575 7838 7032 3123 9314 2722 108 3998 2905 8040 3078 3380 2771 8470 4241 8634 5304 9691 8012 7097 3363 5189 6923 7514 4448 7145 9661 5900
117 1836 7890 5551 62 9020 960 7492 2392 8751 1696 4645 9186 8913 7907 6497 8912 2216 5937 6968 4727 2520 3670 170 2936 7805 7729 2607 3002 4597 5891 2932 8778 2420 824 8582 1713 3682 1008 1955 9284 5372 2873 5871 4729 2446 3842 4411 3097 8745 1616 8421 4332 4329 7593 9163 6769 9751 7110 8590 2805 9228 8307 4887 7687 3896 7931 1727 4737 6703 8730 5562 3132 689 7738 1028 9005 5985 3005 856 4821 4060 8654 4829 5312 8949 8225 2422 2962 172 8078 5111 5575 3133 5035 9262 2229 9816 9912 3152 3931 7938 8599 7630 2484 9304 3676 8406 6276 8114 4277 8882 4404 2197 4795 7028 5836 8764
113 435 898 3167 6217 9096 1134 2130 9613 8606 8179 6737 4788 514 9771 6592 1660 8880 201 6171 7908 7279 1614 6734 6744 8647 4489 6790 454 9103 3628 9519 4895 4644 3145 6162 8342 5703 6301 4811 3084 1328 5431 6254 8241 6999 2268 3103 3845 868 2528 9945 1150 2564 5688 7828 8094 4086 5777 5808 3901 7300 9741 9300 7952 7650 3976 6759 8743 141 9447 7342 3722 5237 7023 5328 6885 6028 309 5176 3963 7405 5058 7577 784 5645 9723 7753 5249 8182 8963 9638 3138 7315 6148 6537 81 5942 6483 7214 6551 9171 9038 4378 5558 6159 332 3667 1809 4601 9140 8143 8625 6459
111 7860 1892 8391 1262 3142 2547 954 8101 5322 6622 4093 1309 1736 5290 8433 7407 8097 1071 9048 4057 9628 6223 1538 4862 6743 5213 580 4347 7833 7785 7793 337 6876 8375 4225 4606 584 7382 5642 160 8079 5209 2958 588 9886 2481 3218 1780 8530 5221 2460 6380 7278 7900 4281 8558 2573 3059 2221 5809 7146 1000 5704 4613 211 1763 6880 9536 5449 5183 2319 1672 7143 9001 1649 931 5656 3984 620 4471 7602 1815 9655 993 8221 1811 9135 9095 1517 4599 3951 3459 4988 9776 6329 8387 2279 5528 4445 3164 4283 4339 7383 3506 2433 4352 7147 3923 1243 4740 1653
101 9122 6998 1110 200 8840 5246 399 2503 5499 9607 3562 6709 2810 3636 766 366 7249 4669 1834 5229 7072 3582 4252 7150 4001 1169 3694 1851 8938 7159 9471 2226 3309 6120 4490 2465 5371 2407 6924 9695 9288 6847 3260 7599 3251 4996 7194 6189 8779 780 5457 6670 3720 5950 6355 8240 5599 812 7469 6906 6700 8652 2957 1216 2989 6609 9756 3291 2732 8826 8137 2830 4670 4660 2364 3087 377 7552 248 633 7916 9179 1396 610 3127 4949 7509 8150 8408 2576 5794 8254 2874 5779 5852 5474 2790 1626 9147 8030 2059
105 2363 8755 8538 3863 5110 653 3843 3599 9337 4522 7414 6862 9307 3523 3685 7049 4299 4002 2435 4780 5708 7117 122 7269 7468 7357 1197 7148 3878 8501 8265 6993 7525 3611 98 3849 4762 4293 8712 1769 3154 229 7921 9286 6129 4710 2691 9241 9489 7139 8869 7366 4550 3233 5433 9073 7061 4419 1552 3695 5374 2748 7662 2 8119 6833 1726 5553 1994 6722 1639 5251 2680 854 329 9785 6752 4719 6296 3386 389 189 6323 199 4766 997 4512 5348 7548 7155 3588 9783 1608 143 7689 6346 5466 6016 1964 2719 5745 41 3615 6018 266
109 3748 702 7157 2621 4229 778 5729 2228 6624 1688 8804 737 8256 695 5590 5574 3333 7809 7232 7410 8294 4044 1373 8189 4041 7951 9258 5683 4983 7757 5631 6371 6321 8315 9671 9164 313 3531 8810 4850 9198 7228 7384 3622 8603 1933 3504 150 1946 4056 4759 2548 8849 9709 1833 4802 9517 8889 6879 4946 642 8506 645 9422 5720 2062 8475 9533 5762 4742 5450 9572 457 6493 378 6031 4447 1403 7990 6762 9616 7520 7409 1303 7222 1844 5442 3306 8932 6680 3209 991 9111 7390 8623 1244 4058 1664 7531 1720 6339 6638 1442 5514 3517 7802 2280 842 5586
